0.666498 -0.685444
-0.79952 -0.502028
0.493569 -0.661619
0.496892 -0.699015
0.833669 -0.404966
0.477759 -0.668567
-0.672633 -0.47482
-0.464221 -0.664322
-0.87631 -0.338223
-0.694053 -0.399304
-0.555957 -0.718394
-0.900078 -0.133597
0.46693 -0.658845
0.768446 -0.283888
0.318167 -0.8399
0.265071 -0.889343
-0.304224 -0.866233
0.34865 -0.824866
-0.77426 -0.3615
0.201176 -0.803268
0.875777 -0.310509
0.948914 -0.0915064
0.212285 -0.814901
-0.232833 -0.906893
-0.721683 -0.496885
-0.680343 -0.659736
-0.643998 -0.650036
-0.00842154 -0.898004
-0.36281 -0.795211
-0.788329 -0.551862
-0.042784 -0.908161
0.818879 -0.439161
0.00109701 -0.976181
0.561351 -0.715691
0.285857 -0.870076
-0.0851057 -0.905005
-0.539355 -0.612808
0.578344 -0.780902
0.810552 -0.319658
0.756242 -0.435578
-0.332934 -0.878002
0.358615 -0.719153
-0.134095 -0.793797
-0.835177 -0.00505967
0.334744 -0.927399
-0.517383 -0.679756
-0.846623 -0.231459
0.385454 -0.735103
0.837227 -0.195002
0.973373 -0.0970832
0.812738 -0.398435
0.764058 -0.44317
-0.564879 -0.794233
-0.360903 -0.84956
-0.715512 -0.439816
-0.860523 -0.104338
0.80878 -0.000275731
0.660057 -0.488147
-0.447432 -0.755412
0.385161 -0.753554
-0.968775 -0.241759
0.832804 -0.31636
-0.6109 -0.777226
0.657649 -0.604984
-0.918134 -0.242629
-0.541603 -0.803661
-0.335383 -0.848311
0.470582 -0.664465
-0.717939 -0.510107
0.969903 -0.134036
0.441089 -0.787658
0.86197 -0.258034
0.27596 -0.795456
-0.430321 -0.748839
-0.359662 -0.773121
-0.764556 -0.394462
-0.690885 -0.578201
-0.484869 -0.719498
0.745881 -0.501281
0.733178 -0.398534
0.939022 -0.243342
-0.682079 -0.471739
0.969679 -0.0705166
-0.930493 -0.159141
0.403504 -0.888049
0.186295 -0.935326
0.73034 -0.402671
0.815499 -0.39938
-0.0983978 -0.926542
-0.49974 -0.634516
-0.471409 -0.765275
0.034113 -0.936347
-0.52592 -0.803392
-0.448068 -0.690385
0.0160072 -0.996805
-0.737035 -0.641507
-0.123681 -0.974627
0.845919 -0.182811
0.889104 -0.0206385
0.847501 -0.443133
-0.563863 -0.759442
0.790168 -0.485625
0.79487 -0.567163
-0.870764 -0.335594
0.0630728 -0.801862
-0.931034 -0.127389
-0.925895 -0.137342
-0.60524 -0.769384
0.289243 -0.870637
-0.0135116 -0.887635
0.192514 -0.954038
0.395662 -0.782995
-0.845448 -0.0645902
-0.740781 -0.640774
-0.347614 -0.853178
0.877688 -0.0138181
-0.628961 -0.507208
0.931516 -0.357518
0.156319 -0.962181
-0.829636 -0.439993
-0.262441 -0.925648
-0.715232 -0.526338
0.353179 -0.873994
-0.242114 -0.865564
-0.612288 -0.636474
0.355742 -0.875227
0.139534 -0.959297
0.708602 -0.586339
-0.265516 -0.816135
0.83567 -0.41693
-0.849421 -0.337972
-0.117836 -0.89931
0.281167 -0.921462
-0.822997 -0.120925
0.40041 -0.76652
-0.706891 -0.657532
-0.207519 -0.843612
0.539671 -0.733563
0.979104 -0.137935
-0.347103 -0.725792
0.391608 -0.772797
-0.784546 -0.532336
0.963819 -0.243886
0.166475 -0.791414
0.652363 -0.735364
0.685418 -0.656564
-0.518263 -0.828407
-0.528333 -0.604906
-0.858687 -0.252946
-0.582333 -0.705877
-0.609901 -0.660084
-0.739052 -0.630396
0.186783 -0.916605
0.972415 -0.219157
0.378106 -0.733411
-0.645741 -0.580008
-0.543192 -0.685109
0.927855 -0.0730356
-0.853846 -0.137768
0.681244 -0.602748
0.426451 -0.748824
-0.787576 -0.192805
-0.522525 -0.841856
-0.684032 -0.545513
0.968352 -0.0156058
0.697369 -0.693974
-0.925196 -0.294741
0.722953 -0.585425
0.380918 -0.78717
-0.63903 -0.594198
-0.584962 -0.705579
-0.0145779 -0.879688
-0.0960194 -0.845555
-0.964919 -0.242253
-0.421838 -0.785611
0.7857 -0.578095
0.869654 -0.2383
-0.516865 -0.612047
-0.857638 -0.177409
-0.810018 -0.431311
0.770145 -0.633159
-0.903141 -0.0850391
0.82424 -0.479913
0.217917 -0.780463
0.20684 -0.913991
-0.862212 -0.457396
0.93742 -0.311126
-0.844405 -0.533344
0.648916 -0.542018
-0.660352 -0.640443
0.968755 -0.170893
0.606726 -0.647605
-0.841435 -0.508963
-0.198149 -0.805107
0.230523 -0.873931
0.904859 -0.156425
-0.806789 -0.0764536
0.938766 -0.13719
-0.822056 -0.0301461
0.776326 -0.289044
-1.31721 0.260211
-0.252853 0.154424
-1.05954 0.474221
-0.226153 -0.0742368
-0.302573 0.202302
-1.75223 -0.114373
-0.0931221 -0.277319
-1.87622 -0.391687
-1.1365 0.314661
-1.81445 -0.251715
-0.82293 0.387436
-1.90754 -0.205571
-0.185301 -0.0661064
-0.176381 -0.414879
-0.316306 0.136562
-1.89428 -0.377294
-0.623824 0.36139
-1.55506 0.295698
-0.0597396 -0.411615
-0.618212 0.391634
-0.131238 -0.0996336
-1.97183 -0.39669
-0.0962632 -0.318903
-0.0707594 -0.478248
-1.74723 -0.161675
-0.626086 0.34755
-1.13707 0.420585
-1.25384 0.453002
-0.0913413 -0.12244
-1.76774 -0.115158
-0.618186 0.309327
-0.0252295 -0.399083
-1.27148 0.307097
-1.33657 0.423452
-1.27895 0.318889
-1.26624 0.270955
-0.0714733 -0.158671
-0.866978 0.46444
-0.729529 0.306687
-0.869991 0.374244
-0.290514 0.126957
-1.65589 -0.0289334
-1.80268 -0.17358
-1.31283 0.388596
-1.5638 0.285995
-1.98251 -0.438011
-1.27017 0.353663
-0.212427 -0.0841458
-0.602815 0.229182
-0.0438229 -0.494833
-0.51091 0.209456
-1.26409 0.427768
-0.293327 -0.0934102
-1.86206 -0.33811
-0.784149 0.459387
-0.261052 -0.0435478
-1.79671 -0.0990278
-0.374539 0.00463421
-0.701003 0.254765
-1.99389 -0.465933
-0.343165 0.198373
-0.253478 -0.0353389
-0.217603 -0.331763
-0.492654 0.30937
-0.0273527 -0.298383
-0.242447 -0.230148
-0.0320187 -0.461126
-0.582624 0.260263
-1.09634 0.381394
-0.755197 0.277388
-1.68227 0.020642
-1.46674 0.258512
-1.69423 0.0263767
-1.59017 0.243278
-1.722 -0.0713335
-0.134739 -0.352737
-1.66764 -0.0198419
-1.40235 0.230354
-1.17106 0.359652
-1.89901 -0.121853
-1.83603 0.00788698
-0.241978 -0.241523
-1.40526 0.276749
-0.636547 0.305726
-0.900387 0.311571
-0.141256 -0.132752
-1.36417 0.398684
-0.414517 0.306428
-0.351416 0.124745
-1.64176 0.130586
-0.635729 0.41363
-0.213152 -0.150214
-1.75143 0.0747983
-0.451859 0.316258
-0.0370513 -0.445085
-1.18003 0.465677
-1.87611 -0.114207
-1.75987 -0.206117
-0.704891 0.356668
-1.15076 0.367317
-1.75473 -0.198066
-1.0547 0.466011
-1.50623 0.159174
-0.0925657 -0.454533
-1.12362 0.412985
-1.9852 -0.367928
-1.36397 0.281918
-0.154364 -0.0493574
-1.86475 -0.0955245
-1.79148 0.0104883
-1.36812 0.375498
-0.346497 0.215327
-1.56412 0.213916
-1.54692 0.267205
-0.449775 0.126812
-1.3414 0.279911
-1.83437 -0.0913925
-0.186796 -0.141316
-0.549991 0.162065
-0.729101 0.279342
-0.12137 -0.485463
-0.187177 -0.359706
-1.76644 -0.0318602
-0.477106 0.17902
-1.68676 0.185777
-1.19884 0.339493
-0.14966 -0.486762
-0.0843996 -0.251961
-1.36618 0.398305
-0.945505 0.330642
-1.27766 0.282794
-1.43798 0.260684
-0.0721827 -0.316045
-0.871736 0.382196
-1.03178 0.394368
-1.88839 -0.244124
-1.90167 -0.102067
-1.65831 0.109599
-0.96189 0.43661
-1.18751 0.295727
-0.102163 -0.194767
-1.77963 -0.0175459
-0.22958 -0.0949655
-0.827716 0.48308
-0.934375 0.325392
-1.30558 0.34792
-1.06792 0.497119
-1.97884 -0.350294
-1.53139 0.16322
-0.0486131 -0.465315
-1.90533 -0.486806
-1.93116 -0.447936
-0.263535 0.0976361
-0.176138 -0.000450403
-1.79402 -0.334083
-0.614174 0.272548
-0.0300854 -0.455386
-0.689917 0.335931
-1.90135 -0.222968
-0.125333 -0.289963
-1.1036 0.467349
-1.60303 0.0397146
-1.93063 -0.486593
-0.187417 -0.259689
-1.43455 0.302375
-1.00995 0.422043
-1.80858 -0.0691739
-0.548667 0.228766
-0.825212 0.368298
-0.575796 0.26858
-1.50748 0.309683
-1.05651 0.408106
-1.63697 0.202364
-0.171319 -0.401731
-0.157194 -0.395428
-0.309653 0.00313998
-0.140447 -0.323405
-1.28863 0.356565
-1.48906 0.337756
-1.82233 -0.41137
-1.75474 0.10134
-0.163541 -0.222419
-0.438454 0.0996865
-0.24509 -0.0868021
-0.31168 0.039436
-0.598771 0.218067
-1.56927 0.305791
-0.274552 0.0522556
-0.113248 -0.463148
-1.06403 0.39389
-0.22758 -0.0656191
-0.283246 0.163708
-1.62014 0.117197
-1.88567 -0.486047
-1.97914 -0.397766
-0.0669156 -0.211585
-1.73993 -0.164483
-1.03934 0.311456
-0.262393 0.170568
-1.33597 0.309341
