-3.9367192549084042 -3.593597329704809
-7.0303738324995955 -4.306732386896878
-5.6187835962813 -6.488063099035443
-6.365366630775258 -3.86141070847567
-3.4223828723033085 -4.817558334379491
-3.9608730988348446 -6.213654459845504
-5.2540976040804095 -4.797232577345111
-3.94910904020895 -5.783812654709416
-5.354474815596391 -4.5287088098736765
-5.466550409130213 -4.068197360663453
-4.74937583325696 -5.463272236507026
-3.2767777310852324 -4.646277103622027
-4.159439517410656 -3.4117565429818475
-3.925935661400894 -4.215262645674578
-5.068031102240613 -5.599030976496279
-5.8100439051696995 -5.584415037692191
-3.018202193391317 -5.805171094569684
-4.770426073568434 -4.730015665747847
-6.576167312724798 -5.042049066703729
-5.529692233777588 -4.34257488686132
-4.023923005696695 -5.148917001336506
-4.105610005147864 -4.7526859583115595
-4.208322353206562 -3.673629838938249
-3.876700237556144 -3.8794854944096793
-5.534327630824315 -5.2877176889469855
-6.240024158549939 -4.36716562241303
-2.9650723148927614 -4.844642413546013
-3.946474748999937 -5.365924191398495
-6.306778539553192 -4.902568701157908
-5.510762781448958 -4.295114544263415
-5.487848184807098 -4.900057387435093
-6.323504434040972 -4.986745302994374
-4.854466106772265 -6.290898331124561
-4.121605458692915 -4.280353693416953
-4.533791762123461 -3.78581937322452
-5.313891581707819 -6.093586129888395
-5.0404890671752325 -5.339067512348605
-3.75075453264206 -6.290350477812804
-4.529590028158337 -6.094650275691524
-2.4531364090285663 -5.316200395467607
-5.331525042328741 -6.498506769585684
-5.268144027720729 -4.113222684955671
-6.039454435816699 -5.441518752803488
-5.757704198922324 -4.284226533243194
-4.70918074334219 -3.3246801094605556
-6.322650923450096 -3.603334855042026
-4.869370493527455 -4.8256440188042244
-6.075433544998749 -4.028380663535761
-4.522672202059635 -4.050498295599679
-4.696407991117267 -5.9474092434694334
-5.945232634742305 -7.506385264741057
-5.209962211193563 -3.00658681663871
-4.886505070444609 -4.746828801816385
-3.6702721886074254 -4.1541264504068804
-5.044573277883195 -4.206715693593321
-6.380143718135516 -6.605539762133718
-4.328899675616534 -4.636560057269856
-5.001808238764231 -5.768163451582958
-4.62526645044201 -4.539650835812501
-3.019280916887367 -5.342981289487189
-4.726396350410263 -4.386984131629282
-5.511590421933937 -4.30076261365263
-4.604698734356408 -5.517188546230024
-5.040225719882409 -5.533409013500042
-5.770215329502739 -5.7556350888936825
-3.254754204619532 -6.6827808542740375
-3.9874134823181215 -5.872646595538934
-4.4314279781473775 -4.780980880966079
-6.249835205285011 -5.951394861901867
-6.102140151487465 -5.86787985961789
-4.821194781712146 -6.586176975323738
-7.617649895521961 -3.952993218990574
-4.15799125937588 -4.190122626367692
-5.492137077895103 -5.149105380162569
-5.690056668798171 -6.339024708014849
-5.118428166606144 -6.622843692258255
-5.836400459319311 -3.3641536268146544
-5.967395013406804 -4.499875845295881
-5.066307858637329 -4.814879705214445
-5.3185392366809054 -5.499471728525748
-3.797898176225716 -5.910477464364732
-5.607956694430882 -3.789907210942723
-4.301517172800944 -6.833307814156698
-6.4871362350852 -5.015569535171711
-6.109516509811559 -6.36628707570505
-4.108464780121271 -5.042625962641973
-5.853460218341787 -6.309629074799333
-4.268852931432283 -2.9598828795686365
-5.066948572713263 -5.009680618438478
-6.911511189545288 -6.162524792482679
-6.434094462153151 -4.893452851907236
-6.702306029505841 -2.1690789075002175
-4.359091221427639 -4.677225226787225
-4.284902555005961 -7.497491864968524
-5.647336578626707 -4.155835804496627
-4.254980523531214 -5.154616242815076
-5.1051901603497605 -5.854888119641778
-5.084357422577387 -4.073389048855386
-5.625668224162944 -2.8337617467748335
-3.7258102103845294 -5.375019809702884 
9.520484754186231 -4.46935059454923
12.840039162026368 -8.787532205544204
8.109800700175224 -7.409032066337708
8.757750776947264 -1.098305500742251
8.33245658700659 -12.826166698023487
7.046174357373212 -2.2443442303702534
9.899657829312044 -7.8900452143815585
9.642365560795367 -7.103539153970438
8.414904916019777 -4.696938500632063
5.603353238564523 -3.9295222616711802
4.475933816190181 -6.0306853978358665
8.31329696521575 -4.141063731841074
14.103420705261303 -7.778289605655312
12.610672768782894 -3.0401516019707686
11.235447605353851 -4.601753531781136
14.066828432323993 -8.316710750510637
9.775497964480914 -0.7004871435451587
16.3738411020503 -5.051569569461001
5.666987434196586 -5.593193303259588
8.528421269157404 -1.2772561326004834
12.300530950596734 -4.16610355626574
6.083813037371114 -6.752033953748481
12.087646345850173 -2.269344749261573
3.2491124441890813 -11.719157585554944
8.031677337520627 -5.581091388704024
10.764038961962806 -5.8177218162587
10.208077365113066 -7.32709950578791
14.937429610598683 -5.054730561182833
13.332457382627721 -2.0102496901449474
14.722807962865389 -5.6373563299383065
5.625257413575651 -7.080170306286348
8.627997030836699 -5.398051543997774
8.666377758154404 -4.671433844761781
6.132376476452989 -3.6426941282282526
12.724751799770994 -5.190075012342236
6.536065694264944 -4.509013124343932
13.912455113684757 -3.3507470854089485
12.723884865236549 -7.142314022031857
11.061877706788213 -4.430565975852905
9.875179144428033 -5.822154341433263
3.428104861364581 -4.45361185390267
9.38683528152811 -6.937758400847562
10.563366326634842 -7.851086825800236
10.193083294507067 -8.95556561508948
10.538110140921905 -4.871320518237231
10.867808558234653 -4.733805968672324
8.035278906039892 -3.396996352660744
12.025746331760098 -3.3437280021065576
7.900013091550106 -2.613920345916288
7.680819815603942 -11.831052746829217
11.285339647047573 -6.1623203504174455
2.237918179662543 -7.606500951837076
9.770453025352218 -9.12664419888851
11.711124160578708 -8.890267301704885
9.195608194027628 -10.646552491851436
12.461349572106052 -6.453803641555874
15.225144130662796 -1.4699993357137044
7.790537369518185 -2.8473317691009763
9.50437528256463 -4.325718375722856
7.725790277152968 -1.3983726822593523
11.381796887503345 -4.62726096023315
11.322655811719708 -1.7367813909488903
9.466632659597815 -10.171939803740047
11.250059370488817 -8.05659038325619
7.037341359330979 -1.6570364107078754
10.468673416520963 -8.910186935338452
6.501896360803524 -2.8552607367342278
13.825977566959795 -8.055729302977335
11.682667807026753 -0.8995742833904856
8.904209897439307 -5.500545660262102
13.54047559128586 0.47765886988418416
11.865802879728562 -4.7980469313166285
5.085722252864616 -1.5800646988235703
6.309634625013936 -5.884643327774818
10.132192757141707 -9.556162134118754
8.887619684709057 0.7824577609918713
8.809098586139 -4.733911076498409
9.087895362988705 -5.985723170551544
12.971260171369584 -7.932263894143352
11.123023022260345 -3.4490154631084238
4.6393766790802395 -6.191150475519605
9.995825513773674 -6.843148481676008
9.396093553934113 -2.631958339290557
8.92395340168742 -5.154818621400981
13.038065455691358 -4.74349951927419
14.806051635291315 -4.506564063802884
10.282938052857794 -8.809930943355953
13.315387628314443 -4.3568158881544825
8.929825066958802 -4.378447944647046
13.536843253503022 -4.6170435216488555
13.733166985598066 -1.8070408436345158
11.787212913556397 -2.047358628193881
9.385947318315129 -2.870209551989238
2.7252194616845955 -8.616154848945222
6.459218245290933 4.398545745610132
10.765993259752554 -3.656917501360276
10.763330734176106 -8.973281046792216
12.574071012676782 -6.181902715444401
10.646250714922411 -5.61316855760197
7.833622885424295 -9.811567112951419
11.528165399058881 -0.5796561467863848
13.299539216619397 -5.060897159281578
7.71335691328626 -2.0064853761053545
11.12258118394922 -6.222814734899156
10.474871716811144 -10.511821359927445
9.978057101576884 -5.0456520881541636
11.415080995163558 0.6970414300352816
12.867011821487784 -1.438846926711729
7.924402818283498 -6.028612278113334
8.659792055802233 -1.0399136451094582
12.533940591690389 0.1337108600188257
11.60312736776074 -4.274597742509125
11.312269145558908 -3.25766617838517
14.064202202965149 -10.708083563427632
4.85716386690923 -2.5520403321907654
11.621444689059146 -3.4317092286412794
5.590191661949526 -4.330615076610551
11.768742492161689 -5.402598138361912
7.437054081962676 -0.78369766278536
13.063894101677699 -1.2972960940325153
13.121151015920534 -2.7694394784797485
10.215709148511989 -9.444078159493593
7.330123440428844 -3.8033335588358663
14.161736128570388 -2.9811872600695235
9.605592641192588 -3.505596888220214
9.56355425934394 -4.862316379712817
9.785860191649897 -4.424345907156931
5.8029592433223804 -7.8884870820308475
13.308439476225843 -3.433097330302284
6.326586571553039 -1.972844285504073
12.658558531659459 -4.318426697484518
8.927901172733037 -7.96578613675606
6.91959054019532 -6.098560800631754
9.974443167396643 -6.8450667581075315
10.531939250472677 -6.369767627781014
12.077139163508312 -9.286273439800116
13.528401442721865 -8.070119869228211
11.389593151714642 -2.66145452752591
11.458632853607792 -7.563645904770591
9.281138240765278 -5.284119186759621
13.905061252961898 -2.0905096900282936
11.082676620661001 -4.3178562877286275
11.903465810984903 -6.81851573491466
9.860366888332072 -4.162947731516265
6.974675496595712 -2.533642944381023
6.110189882429329 -5.333362557629979
9.874389379471381 -6.2356960345885835
1.5767101633459362 -8.00294373613492
12.01928584608734 -1.6318803663346042
11.025298314953643 -2.5519230739984913
12.355700063427427 -4.005152433895209
6.365119749331837 -9.361504922163586
7.723120051319114 -3.388193151645284
14.237857432613678 -8.160276368482524
11.360746057776804 -9.397441863726552
11.98433943329792 -0.2998217630150135
8.663485845233877 -4.375595136918471
8.985286207460767 -5.788491604581038
14.763468927076326 -10.95535911834906
6.9947683049803135 -5.790279961775626
9.26512926981063 -4.58424861271169
5.471929137707532 -4.4803440921867255
4.978811921728709 0.5231860259476662
10.186670757219645 -7.650767483697523
11.681723985084917 -10.639618272307253
12.853904824157928 -7.394221588039414
9.685169441844716 -7.637041000266468
12.59199731230271 -6.389292713207884
5.8964212255172015 -6.774961516858557
7.546894867408772 -7.673057726489917
10.028071932562542 -8.093391832037446
7.102726866390422 -3.6899326354869655
9.070030764543219 -3.674270196496436
11.225303428690909 -2.5711406601318467
8.362042944223722 -7.757079190977587
13.666039363016122 -5.091308008345374
9.924763194564283 -4.018864881455513
8.084132253653648 -12.55797674976139
9.404561097263159 -8.858941030215014
11.992210986056095 -2.4651663137315545
11.84938297158249 -2.5040471182920534
12.963339509259756 0.032269399867759674
12.152485585561092 -4.75044274643211
7.3456338537238395 -8.259118607945975
11.673214090656545 -3.078219515131546
8.394234182023407 -5.408076009407273
8.02223896021262 -1.6611314449416934
9.636671901124464 -0.08759156823309233
15.069476137732536 -7.246275448781121
7.617779836477079 -7.126136750536592
7.185061919325894 2.7845939644353024
12.67215377151073 -5.754743015674791
9.07409322007245 -2.695159072241724
11.174831956481386 -5.782833374613817
11.368770345456939 -5.480154996980808
19.235493918864986 -4.653828289865422
11.872103289074918 -1.9483968020325775
10.399456337971808 -1.4060759544730264
14.753361331253673 -3.101556413514498
12.348156592242525 -7.936301855709868
8.7950789862976 -8.927246610337527
7.95733998440475 -11.19818649035281
7.039177374091609 -6.860739794554989
10.44015926916492 -11.074248929953793
11.419675641919884 -8.839793995986629
6.9480372392112475 -10.018717403806534
9.385135812902405 -3.4000560536003657
10.394156692105181 -5.592612027477707
16.646043554786097 -0.9824775584157628
11.304240798166944 -6.7817819850393155
12.272787094209376 -7.589918614621812
10.809292414259211 -9.240013192472134
8.896724151813894 -3.000414660092102
14.547663057499243 -6.20953961405125
9.616135084145503 -6.007454328399338
13.71330816302234 -13.278535161513364
6.190439265755321 -4.021926041718808
13.39381945051532 -4.585109594852621
10.900588539741335 -7.130032078624005
11.143425098118232 -6.244420555497937
12.669814082734856 -6.462013847147576
7.297909046163452 3.0214788799524506
11.485132000753662 -3.696516557484565
13.50065496887354 -4.997683226857658
9.453341323081883 -6.576340722090056
12.361713022307324 -5.692378560519828
13.26474274637858 -6.339341097095574
14.6441566354446 -0.9608651898744167
10.032317942700267 -11.196375890389941
17.65434896235002 -5.06824417213759
2.006630289330273 -8.214654216964119
8.538090422567308 -8.24631612390466
9.66726176518306 -6.28949663269896
11.358571161364107 -7.256269758740961
12.47411039551212 -5.996042553454486
6.626701533427067 -7.680269803433154
11.683829016247653 -4.145535622260263
9.754092799278574 -3.4628112538590203
16.60596914647202 -4.396912226875753
13.118229588818856 -11.177903375391598
6.971214283964802 -4.336316526390872
9.728307209943365 -7.732570188316815
11.143988372788229 -6.794820953987138
7.708105225891393 -6.7572636984783045
7.02665177071825 -7.544142618733864
11.075849909382223 -4.24761727698418
8.746223162233987 -8.930285363770974
11.620750990887759 -8.359203885132686
12.140642186945662 -11.071412079068633
11.783318321940186 -5.194511172695885
10.381183250785698 -2.2636418519403523
8.664413048116334 -3.8253927720901437
12.829211445456135 -0.20852118575817347
13.24764699505398 -0.6847070036516829
9.678392460265751 -7.3829511961084116
12.181674049438072 -3.6039785373908355
4.114610033980897 -8.087431350385327
11.842120527234826 -0.15380789978005893
11.668595087503434 -3.073612523316809
10.710203166232748 -12.112357603229981
12.83521119174501 0.21369387609465207
6.953599112791338 -0.031456292306915046
9.172135933205283 -5.344665927024014
15.133378699492933 1.528209824371464
10.780861056981095 -6.701871036379041
8.952386901400978 -3.4443904702153216
10.57726837401142 -3.2054286725291896
18.64690888089125 -3.8625190335489314
7.760355803855472 -7.215763661509355
7.605930746075495 -4.888557511946432
10.958411767084813 -4.804134409240762
8.570391308929416 -5.926286962104647
10.664605499858236 -7.052279859441015
7.057572847017557 -7.479564650463201
7.709671161822461 -5.02150549405617
12.398515887293238 0.2832447119393251
7.12352057967715 -4.704286144836486
8.318004745492576 -6.600387272795318
11.472165236522288 0.12119343302796981
10.417703377979567 -2.2281887352131227
7.494358019218855 -6.453458932924512
10.939117963592825 -3.3451517161122797
13.18894652963111 -0.7426902993166937
14.342110439452728 -3.552484952071866
14.461210934670948 -2.6788430404941668
8.136901228410917 -5.276485687928207
10.19705487227997 -6.244693022630874
9.864402199396977 -3.6665969631837836
8.410016471358775 -6.876116208429867
14.301995441556707 -7.454433147440502
4.639392692200079 -7.0495844081321914
11.182013782287024 -5.790891378797414
9.944474968592427 -4.907326379047347
11.52785114042397 -6.6999057102756225
5.793851286024077 -8.070816028817749
11.818481889071709 -8.880639419430743
9.180950049373747 1.8998630924137982
7.528257394533265 -3.881479519992312
11.272469222590047 -1.3727790208912918
9.45649673863973 -2.9536307181199057
13.517819468101234 -7.650795208346845
4.740438714165336 -10.050831781934233
9.951018568563734 -8.273905720145954
8.213499369808122 -11.018710787867871
11.283567398396523 -5.042662349400228
10.377150590554486 -5.854377407144005
11.341993567380335 -2.675860545537989
10.812509649115917 -3.5677217436810644
4.839736458094929 -6.569010470778855
10.040092604507933 -5.251717156204755
6.517385399657966 -5.390668806665291
7.848255639368316 -9.305117019061793
5.705659168577482 -9.072351336125699
9.859864214573259 -8.142414133213682
10.722083033767204 -4.982144184371326
10.291040303166692 -3.2597743731857864
14.703370691821423 -0.9011528930797397
7.6415569552631 -8.119749860283203
9.300635702285366 -2.802710064866542
10.697520512620791 -4.135037041354452
10.33047774359295 -5.234038039849551
12.069308893829467 -5.286928740623671
12.496962961119312 -5.865027299568716
12.074287546838347 -3.53874563089569
12.665221349133933 -5.232843038465973
11.07558772969607 -3.7129167933354044
12.636249108306222 -7.4603342285851895
9.107762029301496 -4.156702718253538
3.6650025026195507 -5.954170405628663
13.79075196453893 -6.8611158201425155
8.012003069159402 -5.087644780381577
9.540397427140244 -2.2968799723588247
7.23912960671152 -8.051719757365113
12.154015539065647 -0.7008205250448061
12.56835178751881 -7.2872378991202975
7.0697725183898825 -1.8911896037592522
7.916215602598795 -1.4651792240087147
5.085698472177498 -3.806069205562959
9.605074101641545 -6.597202907185211
9.369160285518934 -5.428699904759897
8.486086658104705 -10.914320328759752
12.890763898251885 -3.821339462943883
9.63528265401425 -6.098744428208182
14.763759250084096 -6.984884118242088
11.841515188825145 -6.04469832901734
13.810120012605754 -4.87078401047556
8.932588057057155 -3.7103666524339785
10.10469934526356 -2.791416882683151
15.765445264216112 -7.949871264872192
8.704867418581866 -1.1207947626926997
15.84452494131876 -2.2925748695646995
3.5772017749411074 -8.470924684462283
11.907082122194364 -9.859931578096699
8.173621222334033 -5.3938177292135245
6.637469541850633 -5.2631712572314395
11.880358920676283 -6.911303434256952
11.327567167039144 -6.8160276722968005
11.646376582201448 0.49268771027340996
12.310518159195588 -5.136008239188392
10.934051324562603 -8.387161829425374
9.23082778408218 -5.2724032593521475
11.48994207578831 -4.791631359474453
3.648243840691224 -3.5398187895382875
9.60936449644566 0.3625111281566209
9.72812081767192 -1.849974043628741
15.887668465473586 -3.9199476956563486
8.308259258713715 -6.367759019277181
7.395029652477703 -4.159376069186699
9.46890214132824 -5.324633354510436
12.687019207870877 -1.1000223666830733
11.379201381151573 -1.2174955249525947
7.180357352193822 -1.5169526780041496
11.44536211662502 -8.62762221462762
8.49425448931098 -5.455538890845237
12.136880233154532 -2.2400839813462596
14.185323289556852 -7.459294992596336
5.21967078209007 -7.167545963679057
11.532909057073482 -5.831778074998349
9.582866091409594 -6.815097852672354
5.0337328905813035 -4.249097542765423
14.230920078006655 -7.294416078145169
11.764626917129236 -2.24248590118334
9.374534564473086 -6.353129339414169
5.969068126358664 -10.266491920944972
11.711616771593336 -7.960052559649974
11.170563545152236 -9.62204072905794
15.398303515623214 -7.203305391862772
7.2546340778719784 -3.0728096778048184
14.838805392788164 -10.284193387287342
9.1031297901813 0.7609839899296817
11.51601391133378 -6.182309457186704
8.547467861338085 -9.540567640138235
12.262007834805388 -0.3726129450064999
10.561082752930247 -5.6348574911247695
10.89060125077907 -9.986653976006235
9.421821703570174 -3.190403394939622
6.743539594069454 -2.1897634527692107
11.879301886736764 -6.705203238010715
13.508670753360876 -2.503116572478469
10.431599433053332 -3.7522821895115976
9.608073556883626 -5.506636369101738
6.751251232886033 -7.147380255406509
5.631622687193167 1.2324013382127887
9.674595734388614 -6.120345077510042
4.16963093029323 -5.833163936601794
9.5079643757179 -7.519979811167767
16.33368729094809 -2.9611949428237194
10.755047953612348 -4.269354617917673
8.115603160491087 -4.440961556640224
9.744508037763582 -5.572242753973798
9.886526654828375 -3.2863742608776136
11.630657242016545 -8.844081930515628
16.4492507427844 -7.624930013346321
11.640935436465334 -2.9865969380390682
12.489196908072206 -3.4983971075161553
2.5112180297670132 -3.080453237150343
6.946435983198102 -7.452729600156265
9.873710397458424 -4.8203115246257005
12.407538877981503 -4.2589871941154716
12.01475952025741 -6.71688436210927
9.015689799867033 -1.6397332504207096
8.93980268850252 -3.497644632311939
5.589971175396351 -6.819694729775371
15.928676158372586 -8.6779963109609
11.64454287186658 -5.005180420959375
10.842224452099613 -2.1656132850025207
13.706477186535434 -2.5288761041727676
15.022214799964715 -3.9059193696112846
12.867405912742717 -1.0775398641021443
8.43386332736233 -6.142151847026263
3.9948506279680265 -7.049989315412505
11.633995375149553 -10.405060945796578
7.391872211994453 -6.39707599560875
11.853654606453434 -0.5420560881016847
11.86435743612358 -6.972313594723448
8.59316143247314 -3.6943195942259806
11.846384212119991 -6.930034869295673
8.945976682709045 -4.930919600796658
7.009789265325653 -8.152320430525162
10.430021239348065 -12.712735106735792
13.507497303810219 -3.5879777575596714
11.105282150282692 -7.61494347841494
9.006800216607749 -6.078896992480013
4.659117727046939 -6.402938477147752
9.734400715002451 -1.4454110442826513
10.31085610308161 -2.0490683715654088
9.411047113136908 -4.718479809276856
6.7893710960436815 -2.0371379221613055
14.530087775614714 1.1970685746715777
14.84482593982802 -4.450258103962242
9.393017654033287 -9.156312993336227
8.464735515464945 -3.810074371800213
10.1916887395057 -6.719763094614814
11.734414248143288 -4.120594699765659
8.829691381996955 -5.370158279040744
12.258742663561776 -11.649699665034024
11.631792164099828 -3.219923733582637
13.06601823885131 -2.966845287047601
6.243292494431815 -8.572321309404643
10.841697363999625 -4.393118867427114
7.281766204414591 -0.7489462763742125
11.232970382320646 -4.849866573160187
8.414598024270862 -7.512537622113202
8.524300395227797 -8.55389941680316
14.329564037226532 -9.188464899087304
11.301476726124752 -9.107383267538262
17.77289061612239 -6.612970439776013
9.789762719324706 -2.306071187702317
6.147417931906718 -7.619702211948116
9.72191383945106 -1.547699518606355
10.970374584046318 -6.3516172647660785
5.903020811225517 -6.053827092707012
8.915166371413594 -9.69070763019904
8.783191228207475 -3.1265354471665705
5.477150840401121 -10.504321923075441
12.118723275042097 -5.487226092788461
7.017056951575091 -8.24165858994549
13.079711870257174 -1.9107271578079645
13.410068969091492 -2.4761849897479595
5.405851354043402 -4.505066512909379
9.141359963099877 -7.547905190219122
9.791492421050364 2.856274026035618
8.108405141475345 -4.677495402890905
8.888879275840416 -4.130965432675941
6.937483339487784 -4.059845424959763
8.114990748523454 -2.0912150481478067
7.1833669824375965 -2.318966636653749
9.64146472830817 -5.462537566228758
10.834284831820375 -8.485910841984715
7.154992573401179 -6.134796158870952
4.990612187962186 -1.0877544915108412
9.683347990333921 -7.995481726137024
14.948320753304554 -4.199721886909208
5.997117853387538 -3.8453952766656423
7.373422102488566 -5.398505210555781
8.417329175953023 -1.3338574575106303
15.859795169301393 -8.370600249035938
8.789973903646098 -12.6069020233298
11.524244512948735 -6.102405251481809
11.257733568974691 -7.5039184099652445
11.10202385564106 -0.7970804630583928
10.493318990572973 -4.888866271423788
6.8779282021385555 -8.769347976743981
7.941190442016385 -4.142032329446976
9.7621702025751 -1.8447957357261222
7.024493789803942 -8.593069271474384
9.32701124007048 -3.2337008536903493
6.017675244980058 -4.767233396597187
9.56798162060507 -5.051827228232485
3.979766345250754 -4.091445485572129
7.409701155749312 -7.195183445158808
12.442899877016032 -6.3294777602176575
8.622925610149089 -1.86582430784242
9.574847756214373 -9.327787463518273
4.659246185395391 2.5335561453163917
11.728931758425379 -4.303563775598838
12.362088780784406 -6.677466379571573
7.067375076188074 -7.069682062546432
8.867836498741644 -3.137273231384052
9.374107083322654 -5.75367465948643
9.295416448564294 -8.097083542720355
7.763188802870885 -7.552262431341134
5.3876298346612765 -3.8001521678565333
13.732975850186232 -6.7121529439608665
10.51062842319127 -2.9574729194099
11.038595102013026 -2.619443701868984
4.001848238561426 -8.118896421970561
10.342030235617493 -2.8241354544039186
9.674789085436336 -0.4375572609281173
10.020661123297602 -4.832542416781836
6.180860420872593 -5.522860043237856
11.527953821086568 -3.246367134040516
0.6464248815262845 -6.015455573020041
6.688688708422813 -4.121592842119722
7.054457181334399 -6.3241891018906475
11.292950945969041 0.8425650471509556
8.515368557189905 1.2825146310673832
10.959600947111635 -7.845431086259466
9.802800289010108 -6.35631552950837
13.07248790122647 -5.917752471471586
11.270362594988534 -6.107256472455949
9.881686711127571 1.1438302613438793
6.146959143552927 -5.551600644893802
12.364332747327415 -4.656554948544603
10.420120445509433 -7.023165825278848
11.119637094587052 -5.991704077522236
11.171490708245214 -5.06520539765121
8.355208900739255 -4.617785025487752
12.58666984999157 -5.680234818162181
9.39920766614324 -1.9678671523979978
14.942125517498562 -6.708814663323449
11.059862989891577 -6.672501571960112
8.330596590064545 0.06740698800146738
12.152881091796 -1.9422434012448164
12.152260018520789 -2.873076205867982
5.222298488711564 -8.245803088149737
9.918860332663293 -0.49750633938798217
7.106132305875251 -3.227691880078365
8.288953371750551 -8.46814841477781
5.470963788309494 3.239521566194414
5.65294825095234 -4.062806882781901
4.380225964963917 -1.5973806961157093
5.781014699218945 -4.8925312955304845
12.494673958221448 -5.257571537075249
8.871020053692913 -5.344604568379052
8.450090889963928 -6.297590962689824
5.294314986056109 -5.722807006675759
7.123897585823226 -5.95128011968975
7.31690710975497 -2.643447946793794
9.915175270641182 -5.256843644275272
8.364775580067926 -5.766238752791397
9.171755047606707 -3.9773244832829278
5.9422906848259425 -4.08450753817109
10.682052614118746 -6.881329730627259
13.81091179506976 -7.28597751192476
10.676859485717015 -0.7633740383480765
9.799646781625233 -1.9757626226682659
14.207987741793495 -2.0065136919899036
5.893696879048797 0.35348672871805675
10.161213013436571 -4.451142416532044
14.59787429448968 -2.8112608786098847
13.54500462589669 -5.728733127092267
9.068337486365884 1.590180143227716
9.339695756857033 -8.711283348496895
8.232440857413264 -0.8453838769450543
10.944936235757252 -7.249909214897848
11.38954209095584 -1.2636515261416381
13.392236584299111 -7.748352825021163
8.990125650952185 -3.069076379401185
13.694324767422597 -1.6285863896357586
8.144169135063194 -6.533630541926254
14.610648194623247 -1.0736148621806194
5.797522381111526 -2.1852888410459967
6.831603292132861 -6.286903973452061
13.288952726410296 -11.182686764586649
11.686075216044605 -4.959218989373549
13.77785354926581 -1.5972832357639217
16.12612379286023 -5.733770717906424
8.195323184318369 -9.450089407655181
9.994482062415363 0.05280750064367634
13.494659600048523 -3.609500860260571
9.618959397999664 -4.435540712747021
10.701475560733343 -3.1673413992085435
8.63179639117445 -0.9680118585945419
10.921709526494192 -4.357979983425071
10.142800776523512 -3.6625894922993125
7.928494854043315 -7.877292284723193
9.928800434580625 -2.9671853434183033
10.413770410826679 -7.857260293348854
9.806239299782762 -2.95083111783323
11.393491776018422 -6.042222597710877
7.211228751444416 -4.89576601523529
14.079618203666891 -6.3652203198405966
13.53974856561379 -0.9985388675301028
12.505630835624675 -5.396400051417082
7.822607164856668 -4.373429222064456
8.791866226896278 -3.2701991779596136
10.981997830839182 -4.263270474485006
8.440396137559794 -0.566867498519124
15.967931199182601 -4.008699856047349
13.196163690112904 -5.3624919252371015
7.53516270143582 -3.70939191892211
13.865930678972298 -6.452960680614993
11.915988018497856 -10.711788518089133
11.035079613661196 -4.254489890498652
9.750908881195532 -5.47277255669877
10.200930738331914 -2.5624003994413798
14.796630800876184 -3.3013633559187894
5.1847065312864 -1.969192054437432
4.964231935218584 -1.539045322311765
9.635549115665022 -2.4875833305044104
9.342464904078884 -4.33119961254935
14.827533914941917 -3.1984762983482193
10.837759986607663 -7.002349155689463
11.223331332758793 -6.219517164550032
10.742731435899508 -3.6902635935330985
9.26840263369109 -11.118925383190932
6.227165330642843 -3.7980567980937474
13.31194687547588 -0.3737210268418867
11.19075750816329 -7.410897063408971
7.995327028994101 -4.0770598175426525
14.784853969012843 -2.884767462070805
15.177457305688431 -7.239833041462905
11.86016088202333 -3.9786487613660997
9.007505369933419 -0.8126550994521526
7.714825358750561 -2.2364714793078218
11.396160717070185 -3.627401525400308
13.611015731492422 1.4952350290999048
1.453603594193682 -0.42717725337980283
8.24127386405784 -6.624070513374103
9.918084011269409 -6.474000129281306
8.583529781239033 -6.307392858910166
11.733150459982353 -5.5549405839013675
9.917721834384746 -4.075314446971302
5.690707687088734 -2.6968970078097696
7.48855087338962 -0.9628178685307169
9.716977143691249 -7.04198942601099
9.967572755651302 -3.562017290305448
13.666066890144354 -9.566811613008179
5.389727352553069 -7.656241580305916
14.345383923887441 -4.444016608415083
9.794170817110874 -4.523067617446243
13.999091160812494 -7.843437010413981
10.131289260737866 -1.3275836525386175
8.32313385356677 -2.6095135638913938
7.345181383077993 -6.380464569951009
7.756392863238842 -3.602209721816287
9.675496441452056 -6.25349480332509
9.066778634758396 -1.0953933390457036
9.712892051004653 -0.22876914695732609
5.794624569300392 -4.733788433714624
10.188815199262505 -8.156960786924056
8.210681506576385 -4.388461603795045
13.130089081707666 -5.840742338974488
9.588997257757995 -7.429118762295026
7.245820500145106 -3.1329331284780904
3.1502596743557962 -2.4280820238920113
6.25156708317101 -8.557960025684675
16.92882601971084 -3.8831344265176786
12.397963057488326 -3.4663040916859122
9.67141012766944 -4.110713328120452
12.397569389942394 -8.982760549431765
7.273594232708154 -9.518481847947566
7.766800633191248 -5.167814483936279
7.611206084036508 -2.3240560178648355
9.471251170248339 -2.101625636915183
10.787523899497685 -5.646226083734055
15.964716620100102 -9.254750020316505
10.517813910503797 -5.420740064185414
8.606723621163091 -4.195375872920948
12.499834105450176 -3.3432290477004027
9.82911976114614 -1.2814793656919967
10.078110263735947 -2.5628306435048844
8.43407148913365 -3.36435401117703
8.15586612123442 -12.517640703250747
10.57907244148441 -8.81148514573858
9.013243310522277 -2.140477951915713
13.079073270434515 -2.0672978799587436
11.52909403667231 -2.6767972017435127
10.866889222509853 -7.215386887810249
10.458019075997921 -8.211429214029693
9.205204496510103 -7.623795541519999
12.677317291301437 -4.147356826691735
14.53500914049207 -3.6521271165393516
10.618557470383573 -3.365182473578531
10.159419677769838 -11.347289505697978
13.983944480636513 -1.9005735541672313
9.853330548920736 -2.1177495032057827
11.679836954044847 -10.923173095999875
12.16046104719187 -0.11693397059197697
14.979091924719608 -4.190893395404213
7.315244890607387 -7.885258998451832
9.33175123129746 0.8118886547880511
9.38805255658528 -0.3887707949259802
12.14287570094385 -6.9358554327921995
8.140150770772154 -3.106634818887594
10.694948578283661 -3.256801032591336
12.93967044076424 -2.8113655375993516
9.16849745101307 -4.452029893828484
5.080897512377792 -5.364178244278434
13.606196278893806 -6.982300746663661
5.317721479110459 -3.3396572092796823
13.89093677602199 -4.318631035225295
13.695569566910022 -1.2387204523580229
10.32754822246041 -5.9497027251296135
10.520926152513736 -1.5047017886570577
13.860707840362466 -1.8741806047886063
9.926672006458647 -4.7202915123854154
8.62644550158321 -2.5549672735560116
9.08664896952882 -7.373943627958912
7.088505945445175 -3.866594460709281
13.454360206830017 -9.426814887264161
7.3342220117417 -6.680182481811414
12.755736921407445 -9.396227042460682
15.594543968523162 -9.803924114822282
13.111378380354504 -9.284961380081516
10.828801340086082 -4.590794374002489
8.661954536290105 -6.645040127677575
15.979434984736212 -1.3207561942134687
8.785375586432746 -6.130496739097811
13.00980494991872 -4.149004948848978
9.84636500451133 -3.929670010127965
7.701167584533879 -5.554916126989837
11.022308819851938 -7.251247212535885
10.225127994448886 -5.676187160166545
11.938927162116208 -6.2302300742211045
9.68730381510332 -5.874432286562054
9.067935872224993 1.938129042979508
7.188362025752031 -1.3965124758478034
6.257674594598483 -6.042909270604414
7.020188764332825 -0.748761376023344
8.045720570764402 -2.082548523263667
7.8754958966801745 -4.417987260967724
9.992268784683873 -8.015871509487106
10.804508072134107 -0.8789944916005599
11.05481208930767 -7.0770548453570905
5.725959961170973 -1.8519803479443988
10.549468749009003 -6.1239359876417625
15.367430896435838 -8.533991869961262
3.927971331336013 -5.6469247918981385
5.899925576809761 -9.316455894330566
10.1439743390354 -4.3375422673919095
8.578143422175312 -0.6733759329550741
4.815504524933636 -1.1945087374931944
8.296806528350166 -4.145496492110502
11.596059628089925 -8.163522289366716
9.304189498146737 -8.886342630081131
13.577710133253028 -6.273517012991305
11.99023841106836 0.8966083265959925
12.719986021412641 -4.454914573888509
14.020527924466005 -6.81267933062713
14.89618647993765 -4.922222750838132
14.594657757485745 -10.295359744244466
7.798692005064243 -4.87385429708349
14.55774863949731 -4.03731373276829
7.253980264812538 -7.858133623157174
9.947646592919487 -7.763430269872281
9.178046979315836 -6.9755239528407
7.321377182069728 -7.74561954047835
13.061502908522753 -8.586879671882645
8.310840927853986 -10.262882746833958
7.088663873373644 -3.627722971920732
9.278671737682735 -4.645360337518093
6.285349850738368 -0.7845377104939377
15.351917376866282 -1.004846608655241
7.1348095472444175 -10.098140961376755
9.526836235347533 1.9106179125500375
8.093095685068672 -9.34826462255317
12.899743507908607 -6.916128930037085
10.620566169660346 -10.204869095467716
10.851329790517866 -5.1672751169359055
11.941410876521774 -8.916126661771257
10.82433112065074 -10.903445190274704
8.632562649896315 -3.2674544225260043
14.36389879979773 -8.749906540112987
13.893969241247056 -2.879588774354662
8.391351967935128 -6.1383701667021064
13.813573708557087 -1.570607180682388
12.22035265325396 -1.0114936831731187
9.859454226171856 -3.238676224800064 
0.008987204988528253 4.945448565859418
-0.8694498736100122 5.533361167661161
0.05569100772587246 6.506954792049797
1.2819882683131911 6.1692148066345585
-1.5240551334005834 3.7224029254435704
-0.6501733578907882 5.500986926926194
0.9035152700771159 4.4027109029055
0.6795680447825511 4.375607538940159
-0.42620271620093353 4.493526975842209
-0.11188262231995372 4.0400161841042666
-0.27998300775113155 6.6890128561323134
-0.255285971225275 4.568004212276126
0.7038815307344369 6.669480826356793
1.0323883583501243 7.3017160495988875
1.283783953677871 4.8356505850120595
-0.08083522263416928 5.008891401972194
0.03029870065365277 4.766088196295988
1.4851808212158382 6.505958952112313
0.4920981695560105 5.7751091203201526
1.1456032027299041 5.126424508635321
0.44568922585086895 5.662529146674474
0.1606789927225966 3.756261017006891
0.7701589993974677 5.370922725693504
-1.429876493916221 5.511479726437644
-0.48542706838654864 6.5063425231156184
-0.7395145354421715 6.295699127160068
-0.19791873138645383 6.931119562535778
-0.026475099970463278 5.345398936442637
0.43937294689434947 4.2900638392532535
-0.07212985624374676 4.990319978243609
0.07150233756110116 4.875724568479183
-0.41289748786776137 4.523068917399167
-2.3790160717544455 5.6628597025993335
0.4373096218785297 4.054302656291465
0.907063252806549 5.379513940941201
0.6725943708236388 5.727025188808591
-0.46975626349473354 4.125415134490938
0.3983603781224999 5.819678315473006
0.3727800820102371 3.0780636388306775
-0.5845900769283228 3.853110486283933
0.16697518330900496 5.972763648182256
-0.4298557103671657 3.7982951581317668
-0.052326658173977254 5.051794338658815
-0.12687204845143882 4.982290737823984
-1.9115673246384135 4.099778056737106
0.3579007187013627 4.8818477747072215
-1.5811299362076463 5.47994640199291
0.8294291520883365 5.49632047208074
0.09730919899057149 4.980140695892728
1.8235194552898895 3.723886703636949
-0.41973871910211596 4.3090740168823105
-1.182926681705551 6.0097552770437845
0.6721053709374954 2.8368975888875707
-0.3972901237372043 5.155975172058345
1.8304221808908825 6.355343568231553
-0.2522544132835746 5.487754801347639
-1.2070033957072337 4.369502059049172
0.1001697752210735 2.8434133247420044
0.34616455467025836 3.7033808182473122
-2.0319277619724643 4.744806576145375
-0.7065320283250678 5.2331003277377
0.8921810417485279 5.6295497263541705
0.998626536657041 4.710020720577366
-0.28693135737781494 2.6616505369727106
2.1344607711944517 3.7973496021633824
-0.9215933322978123 4.198344703727162
0.01482211517353516 4.927016812297282
-0.6339164885753928 3.610819480510809
1.6184494995816538 4.096020489011973
0.3719320434119547 3.8951386728277457
2.5366723948818244 4.5778486102581475
0.3536823313505014 4.592953450958345
0.9082556236029864 4.796715203412717
0.6038849334689853 5.8789999603279215
0.6216410403444035 5.9173522446654605
-2.2762961406981215 5.24152144875472
0.724808473789146 3.4372081746508965
0.9403847662032296 3.281163255982397
1.1153246765812055 6.595285903914677
-0.15714666168286284 6.0816662925448775
-0.10292386438850239 4.485205627179269
1.2910157834583271 4.614055113888936
0.1592563715466689 5.34439316483913
-0.7572855312986276 4.614691239639447
0.6751758843714045 4.7413796650902835
1.6647001138251472 3.4196695739073704
0.32356020174586103 4.469641823218451
-0.284468129041642 4.537159219280108
-1.0428816041460545 6.230302893126163
1.505730783088392 4.921986819807634
0.9963302129699007 5.695296269406761
-0.25584758726674206 4.599549214147699
0.016590192230728433 4.765746998692487
-1.0930135293826002 6.487804178101312
0.3495725273271929 5.303762038649342
0.2259705279126292 3.733903189009528
0.9474914520914222 7.345548550057977
-0.5916471431800868 6.598993512891749
1.4491412090972042 4.657482538233854
-1.6248902391489575 6.749278013720703 
