-0.26267060536034764 -0.10794641844431234
-0.13355579425922912 0.26295662562846367
0.08568360618086135 0.04183924203022359
-0.21271581725448135 -0.12117461257316046
-0.13744968184660664 0.2348509349532898
-0.11063025023106647 0.1098037704947167
-0.27066576768314926 -0.10708814152668933
-0.0818140898548534 -0.04292948576420536
-5.439868335281394E-4 0.060959613623488
-0.08931188160376989 -0.2878135508294374
-0.4879503852142015 0.05152916410211681
-0.03213474948115762 -0.3979241521355994
-0.38905988946316006 0.2107726649554116
-0.07291942399479845 -0.19747411162207001
-4.091668170573582E-4 -0.003921496748118502
-0.2957840567017918 0.38555384221508493
-0.38212600249729495 0.3143119476833439
-0.27459590311623155 -0.1493721623016403
-0.38818916610924 -0.20026892848789837
-0.1287016471720906 0.14096857954323852
0.29587118438303783 0.19297087923662973
-0.4311772928104845 -0.2413505261547204
-0.09380092009220889 -0.21197875748344178
0.2491595450269648 -0.23882882229169863
0.14100895507722933 0.24289225866213307
0.315345216524578 -0.130510888226044
0.17969309728324007 0.14618573204104535
-0.03462671659623653 0.0022842596348192274
0.32846669242205906 0.21281908197349303
0.12487714571462528 0.024766031032158995
0.03468665618281084 0.430133121196601
-0.2662015415909824 0.3896283438102084
9.747788099573865E-4 -0.0035349777038046564
0.13568785901088956 0.11787510742530477
0.2064482103921388 0.04547719573086531
0.41851710150287963 -0.06313977031465896
-0.12519938944887915 -0.1938500987281728
-0.25363607057650656 0.2925179626614307
0.3237267810439561 0.332522287112706
-0.10510881822992575 0.24481561797004184
0.020719328625994616 0.024888878959888446
-0.02045744968489525 0.22943119074719395
-0.15853695260883524 -0.024087020397086083
-0.37283039478779434 0.007516108370602835
-0.05107982798192919 0.06679171813767557
-0.334800306054454 -0.09248503861855845
0.01670977605450223 0.00291341416157367
-0.05254650655472107 0.12900159146936394
-0.32151293904077016 0.30304972168377964
0.14503693441637178 0.2248904837872536
-0.03873348267622632 -0.043890782900045666
-0.0962238985244463 0.06129213647353655
0.05979454565810752 0.0867150018164943
0.06632548167584833 0.0341333720046077
-0.4862710171096638 0.056589979365403914
-0.18836296035013209 -0.22361623562279667
0.11349904206091807 0.17528475419148154
0.14039798246486107 -0.355078748027169
0.29419217483215493 0.2958221068581095
0.20838360145231274 0.18048496769351052
-0.07920037890406485 0.17555194978530717
0.13192189773226282 -0.00627354641611277
0.014124240781434233 0.0902236477107817
0.09235420599352963 -0.07529745238726655
0.08230951035528587 -0.42610172865804846
-0.3212243486734461 0.14980454159077614
0.38492843769985446 -0.23746185131065647
-0.19262363992490336 0.24742640728850193
-0.43787915507434005 -0.05435294905889939
-0.11766156392100462 0.07435013801462032
-0.3329200479193798 0.22699966846526198
-0.19601112622461067 -0.4316482638999114
0.29232561634411797 -0.17129517685950646
0.03186202698641815 0.21256126560911034
-0.16285759526732696 -0.30488992883046795
0.43310394387432527 -0.013674559702966802
0.019886780645223277 -0.49714817113202125
0.06057404635241802 0.12415464228890441
0.05662764820415745 0.13922427368225118
0.05467151010799401 0.027028971178028483
-0.13479484876393028 0.2548598141247449
-0.22790525217202867 -0.027036172650789423
0.2906745305433143 0.18471386033561105
-0.034949467781477526 -0.25463115194477004
-0.06225405609521247 -0.006999470925669814
0.013751647180015316 0.010217296743046682
-0.0671229261945684 0.4362326590555699
0.04528566835529554 0.1854539231381295
0.06573167447257533 0.05973999616697514
-0.02161765573604993 -0.06788648337314666
-0.002211267173560196 0.4478081817540318
-0.04656808409292837 0.4819710459120264
-0.03360416714229954 -0.2950140599986848
-0.009752016094050566 0.2399184601711484
0.054082886629944815 -0.20912529166284183
-0.06912096194325468 -0.14283555502066841
0.3109572076291831 -0.016849259911504395
-0.4170284730913945 -0.06506168653642527
-0.19992411144918573 -0.38346041120473073
-0.29062180977738844 0.06143436700804217 
-0.08725965191394783 2.147321419357651
0.1027853878227694 2.4014007955569774
0.09744637897179068 1.9732896482371467
-0.23756612988868928 1.7274670989773915
0.4565060452445906 2.0336890861311163
0.39167945590998954 2.2551728233334067
-0.28025867217587735 1.5999744219062124
-0.04695633081166721 1.707063064360538
0.3890415271990817 2.3077368922911035
0.040465555721144394 2.1460094782116763
0.016941612124663455 2.010966595990806
-0.2778531405490777 2.3437076928669134
0.35901879597794223 2.079220755536925
0.027698191207118986 1.8789018927735288
-0.2808186358585166 2.1427970277546
-0.029774012637642493 1.968755118581522
-0.1383030384760931 2.1788661282067516
-0.005258089339345672 2.0357112851586407
-0.06319498669690347 2.0409336541082563
-0.20717831455378127 1.8511103500374941
-0.3741489400871716 1.7584582382642373
0.30111138714362884 1.8344916657161652
0.38190254850537514 1.7233694244540607
-0.06287031590459827 2.353101905582422
-0.4375802282499117 2.0307260696159304
0.07854852427682597 2.146551274750322
0.23524621703027243 2.1805776202576004
0.34905635576695293 2.280446877941914
-0.1741207975090497 1.8188161703517294
-0.3702504092261586 1.7488050515879578
0.24306229228260348 2.182238948003044
-0.07303819542031037 2.142308996552666
-0.13803496759053344 1.9284747115186194
-0.14196090377084344 2.267896570679281
-0.27004520612476224 2.0347395684171934
0.0562367456417898 1.864603051728912
0.10128449618312424 1.9984647427449846
-0.018509784582722167 2.0673079031093944
0.3890706113004109 2.2513632138990443
-0.029364479141092487 2.101580538865064
-0.0016711879586469966 2.0011431035799143
-0.09538799026121467 1.8429435004022188
-0.040013751983209785 2.2566206790100765
0.32425675692766015 2.0116361484286895
-0.44755069653412083 2.0934227410859148
-0.06209452995334133 2.141549968476803
0.3819654732593324 2.1364166326072174
0.13048875510483046 2.273926006257094
0.1305990616332601 2.056346490814409
-0.0013408445791677603 2.0150920527367653
0.23549101279624723 2.303367392702846
0.15926878256275828 1.9814977808477967
-0.2179395148926603 2.0005733090189035
-0.08972729746993996 2.2432157481211172
0.028723962669523283 1.9015397861447147
-0.001936993183387975 1.864855491479052
-0.2259096094660418 1.9237366861647773
-0.28872991536009346 2.278125036424837
0.03753900077568459 1.829198433777411
-0.09505786826415678 1.8920963510577806
-0.05021851828042389 2.153045671364924
-0.24017532943263653 2.3393313650210517
0.16386329261793817 2.1406110397866853
0.423467512528152 2.160930755786156
0.14046997999462993 1.8768313036718793
0.015283137771321339 2.4483413219849828
0.06870838754421438 2.178202246514764
-0.17266781452892688 1.983663967742151
-0.1848943187398 1.7836117438468353
0.1736095408031268 2.241784214724646
-0.42390235740305854 1.7644200092291
-0.1764706870342638 1.648596993248896
-0.0030159483743584237 2.378265454375871
-0.016592593804049552 2.308904505950477
-0.423228439745304 1.7678431159036405
0.20474267074643765 1.657004382450362
0.2689640398975522 1.86860008243746
0.18009131473077813 1.5938344966374234
0.01631912341272944 2.0748912071134202
0.04721655886089792 2.0364076521584575
-0.12486537636096855 1.8014199207223562
0.38848876369640994 1.9102407292835584
-0.1305739196853479 2.0567556372255664
0.05681236252520918 1.9793972833619264
0.01769652328464756 2.012026615960988
-0.11378758735028374 1.731970307452306
-0.14282981129025116 1.9587884391794939
0.28209194101506446 1.8361652439913143
-0.18448644182877016 1.8028893767786776
-0.03615571102395544 2.0337580528763666
0.04505474531398059 2.1871268551216345
-6.946274564486935E-4 1.935803563145262
-0.1356458128700755 1.6074074891219965
0.03445390519686196 1.7450056587017735
-0.3463239198707299 1.8552594620442142
0.007350929722597657 2.0050022869454103
-0.31431468603053725 2.290838263432354
0.1801878704820738 2.295128221876465
0.024592685174460536 2.056811743089831
-0.05226536161596249 1.9650484603760456 
0.08113772077379161 4.0567525956709725
-0.042784835238347536 4.000997527684189
-0.024566781480969878 3.973886793418233
0.0019393350354909376 4.175576983916419
0.21148376918907302 3.8785637138437945
0.16840830781368438 3.9088253286478984
-0.3262908797416191 4.133327250172352
-0.15013849795308093 3.5958744698543965
-0.16726524208952448 3.8083298980309683
-0.03990044272008624 4.1159882049696215
-0.013274429034896392 4.020519550856514
-0.20326606855285323 3.81440183351192
-0.1723374872458239 3.8034227719692892
0.1156222195183158 3.8325341787980216
-0.23310974161950476 4.362652819408264
0.2528854870307942 3.7122444875172493
-0.2810507804850067 4.298631011142492
0.0991629300940778 4.26036149412821
-0.2960285659421207 4.114542599291116
0.2237632148963953 3.906109466175548
-0.0214205214610726 4.3732682420415125
-0.03436282991100775 3.953104644300111
0.3300332924125816 4.301439637675129
-0.13602486003878017 4.124683772001182
0.12296297084520498 4.015904561086757
-0.23674410140301777 4.136932893576957
0.055425593218558084 3.9106146804984405
0.03597858340053167 4.01485377759495
-0.047224821591686575 3.578267582725004
-0.06500710849552724 3.921078876909134
0.4642368407949103 4.141391330742868
-0.08215312331015674 4.478245655475336
0.08353505724099748 4.122760253910534
-0.41102841258565337 4.265599438825002
-0.015855378603092517 4.114842400836556
0.2752145526559658 3.933913223142645
0.11145238432126742 4.0818163269338
0.11511486716107383 4.019132837042014
-0.010498709457425094 4.112464951399008
-0.18603353148395246 4.070871279997155
0.3396873576998685 3.703338911598248
0.1926062797717102 4.347709109563758
-0.08467511456727857 4.1405480699704595
-0.06648334878016623 4.022025263631373
0.27804698268679373 4.372705746297663
0.06265156621149436 3.505687309942192
-0.07339725616590058 4.269626948061933
-0.051260725591561765 4.040110398930851
-0.39851989849280706 3.814579378152167
-0.0024966292713671295 3.985635337574758
-0.306523635697784 3.6488119389874316
0.2712979578135089 4.201497857319891
-0.05282952302311443 4.244320832752721
0.005329122849268079 3.9473594333520685
0.10298784501388855 3.9606048802175424
-0.3808830864322712 4.0380622216447835
0.1431999546411997 4.00887271522006
0.06305306465299777 4.0717555982854705
-0.43300895852095317 3.806575965359149
0.024902295814117476 3.977524217636105
0.1830421733612696 4.450744468710834
0.07315109653244661 3.8687318976725895
0.2751270539384887 4.204916807161982
0.16467069569452708 4.0460814033524395
-0.04922665356381813 3.913895469068938
-0.24635952933717478 3.808051358555847
0.05851505713098402 4.473643456480165
0.30880900519580423 3.8923478026287794
-0.09993974398283888 3.614903668484626
0.48826082582938934 4.0363159139629925
0.12674629203558863 3.908799158527273
7.08869025454188E-4 3.999891218620528
-0.13001680702395868 4.13986505866165
0.12697482865664772 4.1120460993870465
0.2161347525579931 3.962455561083265
0.08368820053734177 4.093426455079387
-0.0991042895688366 3.9920232886107847
-0.05549085475274623 3.7799176617867496
-5.365751349453767E-4 3.860174113179402
-0.059515496216648756 4.244520602441247
0.19432393921672692 4.031841482279978
0.23610520128841053 4.329131590048368
0.26989762101549974 4.096081936330172
-0.06903633935114181 3.884166684409729
0.09060712901371147 3.9929787909912706
0.15122174841540417 4.151079889933462
0.01326311063378785 3.8404641426075545
0.03940035026140449 4.016502357876854
0.17085804058896498 3.7657431145531186
0.12964515302955296 3.9920340863400243
0.0094356912126596 3.996957581922176
-0.22018030749802453 3.9748450574434386
0.27320375227737925 3.8176608438626762
-0.09655923706984103 3.997285252669164
0.3373008044734211 4.139481873118981
-0.06083379778146656 4.061100511251383
-0.21256554217434234 3.880547965481265
0.4251914045118205 4.148980271121076
0.022358347804665786 3.8640135881894357
0.3219574614286753 4.012074351688172 
1.803875208153096 0.4137158463053349
1.8431578408863407 -0.07768524600266957
2.0808335413785577 -0.02643126682432867
2.0016167715659323 -0.05501416587469907
1.8229194580514785 -0.3313472378514195
1.9428863407554868 0.010663939538757437
2.073265885631844 0.102593486526527
1.7767261830561978 -0.18803268535526607
1.8267221128506184 -0.0772474058376142
2.013931387079671 -0.07017008119905778
2.000098582960478 -0.09043696433089349
1.8855192186506693 0.017006643051301795
1.9805311366371072 0.25654513862088996
2.0421583058331056 -0.02235879260678141
2.044291726470028 0.11042522445111164
1.6462006223513672 0.04170280935977149
1.8546971602632296 -0.21605650564700282
2.0331903281677937 -0.25585601273938224
1.9260803040886663 -0.009781114820364336
1.8540797760129306 -0.1422031730989032
1.6596009510938494 -0.017679529133559243
2.032595854127704 -0.08141285326427636
2.397367316333109 0.13897626661476348
2.051612582458371 0.00389389079698993
1.706665995865489 0.014828947437952005
2.0732302459733747 -0.10120035173844363
2.1703868465100054 -0.4076462857079058
2.287194813295325 -0.09107607201828627
2.1297586637963906 0.09991490616053504
2.0312088890995774 -0.025327859350393462
2.2060365505885513 -0.027758156669724653
1.939573248633826 -0.02731472067422069
1.972627192334343 -0.21511365972300703
2.256861846403305 0.03213859916546124
1.9075365817459908 -0.3125341227736635
2.3394448511016708 -0.06060451594370291
1.7156297768959234 0.25327084837058905
1.9593604831801874 0.03429121923641211
2.1264307771063455 -0.013272982244330444
2.1738207461097034 0.29789861926616806
2.3406158258683587 -0.16237548022268433
1.8448060773854216 -0.2637524120738883
1.9226302619711655 0.014321890539917321
2.131099343703368 0.24793230503758812
2.0978528279674618 -0.3777198122174343
1.6818176879894131 -0.05756487254990009
1.715174495407357 0.15930656510775484
2.058424003634089 0.048176049781334516
1.7657195127809717 0.05407384193411135
2.182633567791224 0.07397991691412516
2.2591297540392494 0.30652084535541957
2.0180710006000537 0.03936804935087935
1.9046610430326918 0.13423585380933672
2.211696838461142 0.27299213941104
1.8487581300707205 -0.1990687559989727
2.0815516515318153 -0.20983256405633496
1.8343131098217744 -0.38209997739669377
2.1596363583837888 0.4561368726909291
1.6882316706636251 0.19679501564615492
1.852508392807119 0.1502041082977495
1.9766767457710606 -0.029440472067731635
2.22799779195598 -0.32608272861415005
1.7459944630282405 0.3753798814322598
1.8964791783050035 0.35660683797609793
2.1393083884014237 -0.2292762972116791
1.9707155050216791 0.017654758986859333
1.9057078861311108 0.013192181524728354
1.932166124792333 0.03875203311308503
2.0624324135195296 -0.1838721968618234
1.9995334319318578 0.014593981914593109
2.1718739967143605 -0.06424696253476611
2.077706459955225 -0.03924134589018736
2.0454775883863383 0.3457266979631949
1.7693089489452174 0.258421848084978
2.0809099879488158 0.2832534808194121
1.963635531922997 0.41032947658941954
2.116755581127333 -0.016784782170156765
2.062707784689266 -0.1829729441421878
1.8175866043753264 -0.4435374222287209
2.0242438547562562 -0.11843903196247856
2.2239373901974067 0.35320932430640006
2.052379478814148 -0.20719658619201026
2.150896806393676 0.4568473504399122
2.1080527287113866 0.05669462630624565
2.125820005689779 -0.20658579772640676
1.9283563017112235 -0.05546140182443211
2.0195162100607718 -0.03317340077462382
1.9939700578985713 0.1274412819443609
2.2414958222006005 0.16515091203812893
1.9927553473250712 -0.0047275358162653155
2.000323319505144 0.06410316136930529
1.911301235211729 -0.06695201945727608
1.9486013927061938 -0.019575746242107707
2.3550528224759724 -0.27935554717163363
1.902165817118717 0.01860500751587277
1.8988919061237912 0.16912733086416232
1.782396397290308 -0.1607545936121649
2.0195384148877187 -0.3247515754291835
1.9528562431272658 -0.0702226645292596
1.9532659390561697 0.004262804804554694 
1.7739351140606188 1.8713964627412831
2.003333224763592 2.1422829810024564
1.6553117983441155 2.242491325446922
2.1136236416154954 1.681993394411061
1.980110899769377 2.2140083095850365
1.8492556086675485 1.939007110325923
1.9808970377648463 1.8559363806187144
1.679983791202389 1.8349494736931669
1.803933246385997 1.9873301771531255
1.9732248862273338 1.9799249389936477
2.187254883992348 1.6887991735851187
2.0185257673352237 2.0318577517429977
1.7416785935778176 1.6591171782725842
1.9996592348836593 2.078594119074433
2.023542041332149 2.0861734964657845
1.9769790450748093 1.55642345217048
2.307406441539833 1.850716177098909
1.972085587317811 2.474100927462133
2.128908835837605 2.263410990518526
2.071368213269342 1.5699009613890738
1.7932974084252171 1.608352198437468
1.8343358527950429 2.0333992821769677
1.771265965702999 1.8838820260030593
1.5952463927573501 1.7967020261137914
2.043821500641065 1.766500930423316
1.8229827843030537 1.770523814840189
2.047286749051069 2.0024797411006725
1.6156028713051067 2.072682633077159
2.0238239632360218 2.1103530874263963
2.3503263006707984 2.307608205758816
1.9476324540110546 1.9930229153398336
2.0017211147147003 1.9998891787984634
1.9218398186753325 2.1434794900246277
1.9286860108763535 1.9595531725225368
1.8841060264259135 1.9351062803915753
1.584366468803097 1.9888601768171275
2.0842728741736214 2.042462892983366
2.0532979244964293 1.8846345040689794
1.9439932156024433 1.9356862997680973
2.008486023283141 2.015348620742532
1.5479842044860124 1.971304179408692
2.3260243627476656 2.2771012692042922
1.9252940363622078 1.7748066186028126
2.00391003087149 2.008306635261757
2.0340785276394704 2.0539846983488865
1.8977750433185527 1.8706342745708375
1.9659028751067675 1.9047156717822642
1.9004606055054498 1.9023144031258197
2.148177613379504 2.0879147219117224
2.0574218706610394 2.2030792620289534
1.843045646842291 1.964854711654366
1.811082435766298 2.0301399809291207
2.0341967742451206 1.5810222008907298
2.391412334471243 1.7803958414226984
2.303214833664628 2.367282428326852
1.5516517703739605 1.9732991986393558
2.2815174715042374 2.2970709418334145
2.202779628359362 1.715695882697518
2.334478030264984 1.741764289580959
2.222157541291518 2.438723501782441
1.8452683370803888 2.1622648437064798
1.9367880073310502 1.7881066924467954
2.0000267015474336 2.0014181209744883
1.924492558527587 1.728999500308904
1.8103683879617598 2.379179038995522
2.1639092098072155 2.0023493962988232
1.743917994062686 2.136730815514525
2.1435682382206536 2.013582898526165
1.888716450460365 1.950251943223902
1.7207343284667338 2.260345363559586
1.7819852787472503 2.0146786613368666
2.227475581747071 2.284826853250109
1.6283712608031644 1.8250701741207214
2.1362756736514616 1.9574445643245482
2.037514153887358 2.4831899647043634
1.9063211405262281 2.216367995345422
1.9924333196275552 2.0008294297980567
2.2018407267935864 1.7906435479208183
1.9537474420926022 1.9704318427180032
2.02926561292392 1.9702904227798963
1.8942409774158668 2.0600936431105534
1.6605177492337277 1.9435264399806567
1.699697394264021 1.937974405963444
1.9578889977822 1.9550538605179109
1.9209701998383002 2.1515655089662666
2.337640463345714 1.9853480603897704
2.000790273477994 1.9932623021136995
1.718566453062861 2.154680090383383
2.0376759820030923 1.9064017460431761
1.940038880883886 1.8147569987768761
1.6301890334768923 1.762889165078735
2.3477740746541684 1.7397839697341553
1.8216802747336494 2.0302230521027913
1.9727535729262153 2.0132438293569557
1.9425864751488782 1.8930163400062838
2.00438757476178 1.994258912637567
1.8336442024179826 1.773580404854685
2.3833670634901996 2.1930891979127884
2.0118050558237446 1.8274620642665482
1.8324925403475434 1.8925932309433822 
1.75514477964603 3.880530484075222
2.3129157601343566 4.295529932534877
2.0546929242388488 3.943782689897281
1.963688364627769 4.041390435618729
2.1630447471604324 4.03308574273541
1.9323872965636824 4.288657171030371
1.94650663948918 3.6603516415953763
2.3662587707565437 4.272223805264491
1.5774319161131032 3.9483439433481693
1.9530536469816409 4.123707769421581
1.9301668504251723 4.0069374955793045
1.9994106594057295 3.9857010976773126
2.0436541562602066 4.024216164430949
1.761221583524365 4.1178173459444425
2.1911295294604733 3.6215530505736466
1.8516842032043266 4.023292218105345
1.5428102353137243 3.9292808410997067
2.001368013353687 4.006635306290754
1.6749920677251837 4.062209979709763
2.038090108278466 4.177247526480885
2.156678972955328 3.5734795293848998
1.9279930192570045 4.463792020416889
1.8268385321453302 4.027245124035629
1.9280758396904374 3.8512807067630628
1.746824388161727 3.958645861904511
2.185529623808612 3.7487052936864598
1.9981704348955975 4.0063515988403
1.8702530986037398 4.263114938388097
2.267420518665119 3.9192469016899696
1.618033112395918 4.2309184185488276
2.155474188815799 4.312345785419046
1.8106597738578865 4.422668658496667
2.0135478825957565 4.172287393118671
1.7989175105928192 4.352826483046252
1.8318774782385205 3.711808404887916
2.1382501265589644 3.7578141513208156
1.8828802239391316 3.521014325766145
2.07302106041172 4.186422193497699
1.9999629547573912 4.001873506291537
1.913567866416756 4.348968804993368
1.6316338604148002 4.1045503341380245
1.9318099878586432 4.036262172977827
1.765481910325316 4.0749320731615555
1.6607503634247809 4.302677298028219
1.7040607248214192 3.9561561816421325
1.979417715161933 4.2724191006464
2.2529557709866994 3.5821252371350374
2.4928438886091238 4.053768401212938
1.5543816706248768 4.013770096098319
2.0707361651982166 4.423906719512417
2.178293561764596 3.741793732773692
1.687004627871634 4.119173775379846
1.9758478839749434 4.193933954207108
1.5667293592560871 3.7554059079134237
1.7602774865241781 4.328239054301549
1.9981910066899164 4.047481926126139
1.9987638464544253 4.407298645608727
1.9437882160061608 3.969538869292214
1.9139667553800894 4.244122315233772
2.272788257311403 4.128239548521462
1.9072899639496699 4.149320450882404
1.9162144570533859 4.148038643014137
2.248457010529238 3.998184946336208
2.402752139666738 3.8839940130896955
1.8698635785588587 4.103855599271373
1.8319989964369368 3.7437678802069656
1.9224279137834817 3.705641618228286
2.382372100191997 4.044829368585374
2.294877146447745 4.134956773586635
1.8910390768134768 4.385622545734399
2.000547361598336 3.9915520805191513
1.943784580446087 3.8346483739220956
2.13339758288983 4.334724876043187
2.0216167504259843 4.238351511962609
1.9613300510504836 4.094253481437053
1.7247723624204059 3.6984034300717306
2.0468263118062597 4.023207407847718
2.204475980188899 4.325582398027454
1.632250565659847 4.328815768796824
2.141781075153197 4.432407185807129
1.9852707272223038 4.0041231008264635
2.13894446427919 4.241147541080608
2.4213018323178788 3.752127918842473
2.2169214587522266 4.102957677927426
2.21399729769185 3.9230745726739324
1.9085422390471982 4.335458477490887
2.068942005426703 3.9431539976627525
1.9051660185021302 4.091608076030971
2.141505834907326 4.164461709336792
1.9529123054762403 3.9862492343755886
2.1275956610616107 3.699083436938704
1.7660635787704229 4.337601343241012
2.2283846645864065 3.6169740565164603
1.646911901095135 4.223665891893683
2.2077456864422222 4.107958311440553
1.5551021800784575 4.042750336819269
2.0468496110167282 4.003143828600171
2.2918774337421017 4.112890033621659
2.169247891912118 3.987512627283382
1.8585610162267674 3.6921043631852934 
4.243659195400576 0.29043143283217865
4.110729360970198 -0.04333341555346136
3.7495001856258376 0.3107163255014357
3.9236412139602486 -0.14778949903820698
3.7499848030969005 0.015908765366245522
3.9456174345086814 0.25869031887268146
3.9153144635121104 -0.21160430233762734
3.704637593360779 0.04996393251040251
4.047419160174904 0.4668548152873098
4.458336141934653 0.0972685439805998
3.7946583360886392 -0.38128535843386674
4.231289501382517 0.14848658476510693
4.333034375442156 -0.29684634526106524
3.989456409201693 -0.003919208427070462
3.9988045338692313 -0.05780602003957344
4.085287580939836 0.09885185655921895
4.0905304132793034 0.10031551381918222
3.9313879643727674 0.12825678649951103
3.9980352740498213 0.03326566950079874
3.6126235105036546 0.009336267937278537
3.972494266724378 -0.2798305460200886
3.9030587561643673 0.0184825218551997
4.002029283145136 0.02667480626303141
4.351771633008018 0.23898222427239288
3.9999174665119335 3.130659986458445E-5
4.203670078139944 -0.38134358387039613
3.7355259646427745 -0.37940782563035336
4.043886318381472 -0.25699776506647665
3.9839790944041087 -0.02362032276190381
3.996982270519088 -8.92940032406384E-4
3.6787701327981552 0.17688371222662264
4.20200275153728 -0.20080167563104676
3.940146898027847 -0.08880402602568697
3.7840640318287755 0.33220404023857675
3.8376285629967306 -0.26493224893347805
3.94707990199301 0.12969778461399034
3.9299876010457053 -0.046402997236147055
4.306271831092623 -0.10336677366590331
4.35241156759805 0.028304108660840113
3.9861784041252966 0.04246750723526494
3.6387640312582614 -0.2729889844986631
3.9082163119812354 0.05218630486008438
4.0086639837594555 -0.0021696527853866604
4.495039662414987 -0.014783792221642701
3.9560862377381483 -0.1554162830405304
3.9857294042896365 0.4857729910130599
3.6187655410067854 -0.06938534303283198
3.783305982785528 -0.34224496648773184
3.882552058877227 0.10331603312974555
3.8783732434701133 -0.06575281731971033
4.06004121358526 -0.2827931547117943
4.133695412135785 0.3328290505516754
4.246228673816402 -0.03154658300320735
4.06519199684136 -0.3632125238278235
4.142211460005337 -0.032913732398668634
4.264723679041992 0.11925247301998605
3.996047979211372 0.012936863721792643
3.918277590224073 0.10176534945943586
4.028054936985453 0.3408668006741849
4.014348572138717 0.010129502294320629
4.060344652766194 0.03428766647089102
4.082863257653249 -0.03231397687307411
3.9644288215403454 0.04656536115877239
3.8151781887806657 0.023284601790489315
4.011384725237046 0.1839653375710515
3.9211051655227056 -0.08649011674795025
3.9373217741144133 -0.4175375005831341
4.280019267624357 0.13201749942054522
4.3021862129085395 -0.08064278885739097
4.06722056653225 0.1942874326603824
3.87435195110969 -0.33153711103759803
4.171204096925946 -0.11526652875528796
4.192978211750909 0.18439173296951616
4.034874949561106 -0.4106769510515695
4.149863613115881 -0.00886500004488724
3.872867454660514 0.2403881723961732
3.8080006903491985 -0.3080468574383401
4.092195149950696 0.0051928689688898275
3.900179659419035 -0.4204293079159053
3.975379437888014 0.13423377180097998
3.999754351255594 -0.005272736516058694
4.2758695461765805 0.05657207695484541
3.9919094581159578 0.26145301015311406
3.707700722255569 -0.26424526157446954
4.260437934863813 -0.14013023338508893
3.84566324348041 0.16023146048331383
4.2936993543008315 0.06389696835000674
3.793159287386811 -0.01981323433732283
3.830124528728511 -0.3421288842837444
4.112370093360857 -0.1081317323022216
4.054490825489078 -0.0018946150640180965
3.942846699033224 0.21620209076752422
4.367084526688624 -0.1041716543055939
3.905966458911747 0.07691297632928859
4.169509820133994 0.29963453702237913
4.019845337925836 0.3481452676510268
3.7672289925999496 -0.25553025035136806
3.8754213281520773 0.05060423521956791
4.10776496858461 -0.2617120278931578
3.970799685739366 0.07068675806843902 
4.47228708122384 1.981827674074773
4.069068396450685 1.8174933897737817
4.297139094593215 2.2081835116558133
4.018996084362764 1.982067377153534
4.234754504170372 2.332288489350264
4.079075524504939 2.041382367330896
3.9422761591335944 1.5333941096648611
4.069456561096455 1.9084611945170937
3.9640796813360546 2.3554350747065014
4.127947324494062 2.2836035173147113
4.006071053903731 1.9943991873200813
4.249159387377889 2.2459654811412695
4.071183608990862 2.4292618719908656
4.180099578772485 1.5948830041924116
3.574742211465399 1.7527075167597064
3.7942186768633146 1.9706042263644081
4.083853224376462 1.5578028589412583
3.909938022752394 1.7301091269240092
4.111428357876114 2.0264544224674563
3.9346817787238186 2.0184876441625774
3.7567512643488583 2.2847009086708
4.179850640209775 2.409538384150685
3.978327924558263 1.87295161901758
3.87186188772971 1.9479147545336681
3.782490671907565 1.5882991904378203
3.9970633163785676 1.9958109881455746
4.279554687545119 1.8880918084651392
3.9267020162143975 2.223484862495822
4.308515170296068 1.734297984635539
3.692942846047093 1.8776170412729494
3.8677011917446547 1.6641071501615323
3.878599214934535 2.0002665672508546
3.5547884322867516 1.9031824346604578
3.923784757911907 2.385012648689652
4.346658747830762 2.3572404393133652
4.199478983946892 2.1248890840516497
3.869348101895694 2.156562129930841
4.298423977840925 2.2738570629144883
4.074737035049209 1.991019768229526
3.7452560794023397 1.929055157353034
4.000887127211991 1.802187196378712
4.260751127948173 2.22676595751809
3.8309319269236086 1.676473446062185
4.02646508458453 1.859150261054064
3.7349232564837216 1.9699403930816566
3.528500430681809 1.8887400915495678
4.207894513964709 2.076504068026254
3.8189103009768424 1.9812535972998695
4.03646004189591 2.0418923828414792
4.088138413338629 2.173063123967669
4.2409163897981115 1.9415184729738648
3.9123182410406336 2.1270375280720506
3.9371899960831334 1.6376744598746085
4.169058189392366 1.6040484679426341
4.126089694325964 2.0110739654962537
4.296690105786645 2.049363582665029
3.967346241295829 2.0477741088471326
3.6047063838550235 1.922988744690179
3.6982529799188026 2.281881880610797
3.9850566982803786 1.6732512276882399
3.6754717240732977 2.0747717851973966
3.9658019663717585 1.931765307809766
3.809000056005254 2.101993313231627
3.939592731385461 2.0834266086887983
3.6005550669201085 1.7915175207389715
3.8910573244538096 1.7472029124480741
3.724311106244358 2.1589596433633735
4.207651115359218 1.6687290675837165
3.6800244463843215 2.2769997131442454
4.238986385692705 2.138736859941771
4.144243516351673 1.6298448473051288
3.9417040503939162 1.983503857423695
4.440476630847256 2.1573864013785125
3.8113229021183983 2.367755349710679
3.9204922622581813 1.8531639252015661
4.176896527116797 1.6769789922560914
3.963736205254791 2.046331752049397
3.82296380646947 2.28286337940822
3.8568698484288992 2.311915945542536
3.998646983053836 2.0075811071163012
4.024177261916832 1.9299618070464268
4.1484781383042755 1.9072889641485877
3.924355153052008 2.4880448968432103
3.8045877754579873 1.8276637545720613
4.132270326623424 2.0512882677656847
3.9875359091588978 2.052783688586289
4.440838534408028 2.053682719969007
4.156214338742105 1.8699490205424643
4.136030305062672 2.4057896970815618
3.709540459648921 1.7449528293119365
4.006565409169505 2.0343188971509605
3.9723500887552627 1.9590866723467601
3.858429881848917 1.827895258379697
4.13253101124091 2.1181328965311086
3.883085531713717 2.1097113236589733
4.177037327658972 2.2817734476101363
4.121963394875062 1.70937078254723
4.043131016313538 2.0344642243527757
4.10466432389368 2.077964573619589
4.077859056910237 1.7500150337385376 
4.051875416795865 4.207908755604134
3.7984107710792214 3.9690774609169064
3.5705259107387466 4.127103377590299
4.09599072196751 3.846021895170489
4.184408157102704 4.095629239743066
3.7162511960892135 4.410980884924384
4.157956649125102 3.753324198764507
3.964401485768799 3.6954404924132205
3.901347501659907 4.090024601466088
4.1970004337413975 4.2741337337467975
4.0047415989934105 3.640398070891439
3.5215527922078853 3.877443641294199
3.917280267507343 3.5292890594612127
3.915640472095853 3.6091022687134564
4.138329847053601 3.8187820770921395
4.319528766164252 4.052174081266909
3.7557511596400692 3.6885479257507474
3.828703966736484 4.194060298572536
4.042219097180592 4.075950377889723
4.013860989754969 3.8726876418760963
3.8009061479648767 3.993085609700521
3.993810632856601 4.005455650515196
4.066132080382392 3.937664924299177
3.6670549153205663 3.666465445334763
4.187507390820032 3.910927543846016
3.918791266177271 4.06477256106931
3.9045480065512788 3.801513829936123
4.3854233315326 3.6826444512918317
4.012260094938521 3.9786038142082325
4.004215230795438 4.009034484475322
4.0515079492561465 3.7329036336222092
4.046597367697618 3.6896871370242783
3.9963114789213567 4.431339770992256
4.171570081441888 3.669451890607183
4.2104758312364545 3.899050650248558
4.093610661666387 4.124528593939654
3.809291031998896 4.085842482060954
4.050481413117237 4.039816282291641
4.4146677384983235 4.016227718983008
3.903361102063635 3.7099007165379936
4.292987102942902 3.841206321656843
3.925687164107957 4.003034868532625
4.294903959120564 4.179011104030508
4.195303115569869 3.8702048667131868
3.9208770628132363 3.9383207326760563
3.9454940790333266 4.330032731780091
4.05125774366658 4.0116343994930315
3.8378827852385355 4.000573725303088
4.364907537835648 3.894781412588996
3.821176773863136 3.8970562723128714
4.491058650678723 3.993147579136984
3.891982394545703 4.289491076093526
4.2608168200693175 3.8448078355550366
3.717180238829791 4.3794860158255275
3.6529199564700976 4.330178791484912
3.8727254300324963 3.7890337332847643
4.146366315657435 4.299377972853726
3.69444923717659 3.9590532234168516
4.085137443474356 4.13540195983651
4.063170648785908 3.624974689456306
4.115697421420903 3.755840455512811
4.312064787794447 3.9737345949622385
3.936847029508079 3.9112782682100358
3.9501294905427455 3.779001974203635
3.604446272061159 3.9791884449446577
4.279197768451251 4.211534627559792
4.334311490688127 4.043573003495002
4.237187271038815 3.8927594277439472
4.00157049158118 3.9393921615579948
4.001474625297294 3.9880215367617438
4.017670145208269 4.069564513765839
3.7525007798590204 4.021054034102669
4.145918950028833 3.950606865838325
3.8551398401721633 4.136922252578361
4.276263461580553 4.146572392257251
3.939670060420426 4.076582171871359
4.0200671855517145 4.0223989274081315
4.180017441528482 4.361530519440255
4.186245016434512 3.772820490740723
3.6292126683165753 3.9353599995069826
4.000570210820349 3.931990711086385
4.115557319799515 3.600148931462588
3.9624999698219403 4.092073055017339
4.001623119778893 3.7044697574135865
4.0820679784682286 3.8298629068221404
4.300646403910289 4.04575985479994
4.230690941486326 4.214643103501479
4.034882609251263 4.038862757194402
3.93011516559617 4.255512765288851
4.115528777850496 4.064890278144795
3.811891177918085 4.0978559784417605
4.073427477550285 3.9886470094599176
3.5183972996748665 3.930768011302656
4.018592819825404 3.990815634369561
3.9138588454787615 3.962115893127256
3.679723794499551 3.979316076956238
4.271144095102859 4.26228477699374
3.785330382587882 4.142369112495352
3.9538623679972478 4.036032142480643
3.590186062109186 4.106713996675066 
