-5.6253351279363555 -6.7641710587608275
-6.219218741658958 -5.416783072625011
-4.063084536739849 -7.910132716703328
-4.526091306739058 -4.157874326733943
-5.088870653777358 -7.153881820890092
-5.32479477697377 -3.553128942442143
-3.716437188796125 -3.9373027857387566
-4.960260650591081 -4.286042422325009
-4.807261670609244 -4.84573196831635
-6.2292956184589885 -5.452248094210205
-4.7324810869652305 -6.0715077913058035
-4.5742293322587715 -4.813332738104137
-6.9162149273856635 -5.010120234552564
-6.397199793911237 -5.746750857154688
-5.2395762807824235 -5.312480010437069
-4.575395364666186 -5.732270715129465
-4.155533537096019 -5.206236263468032
-5.8086625948713335 -6.139228282306133
-3.8415656667751596 -5.429754830301625
-3.890952297554864 -6.058065382766677
-5.923834634921756 -3.941026132454975
-4.798891416455787 -4.04745254854336
-4.0749146476309415 -4.269241840552787
-5.104212023463617 -4.92608668404835
-3.745392969343484 -4.742981454199125
-3.9482459161507872 -3.6351083992880833
-6.505570910227419 -5.264605980297183
-5.163058985421131 -5.675893984232409
-5.285961590721813 -3.6752859766499544
-4.634206708435859 -6.054901010234106
-4.2260458091889666 -5.509582835787374
-7.274002593161374 -5.113128796509932
-5.189526537921284 -4.815808633158463
-4.607009082141335 -4.763416039521827
-6.1403253922641845 -6.653557425551892
-5.515399019562854 -4.920558351526204
-4.344315441539801 -5.100867447638579
-4.507111936131921 -5.182316571130265
-5.289155209510408 -3.3606312230965543
-5.0669846154786535 -7.732969648378657
-5.033827777413339 -4.495783416030909
-4.53007288268451 -3.340032898227644
-4.891140937294318 -5.602346582913045
-5.902425579402744 -4.00688327508017
-3.0783090429589373 -4.655420827969481
-4.761979271785783 -4.963599017746825
-5.303252256274606 -5.128275254013894
-7.989369839876714 -6.462896787713158
-3.863606595588293 -4.358460984706466
-3.338925422442199 -3.9307276476246367
-4.9433049856257565 -5.062400294691969
-6.05222732590674 -5.61985931066052
-4.30383084483152 -5.8384208804765265
-5.7525729246340065 -2.343441801820282
-3.377091679473799 -5.14710486574114
-5.453163197955495 -4.456074640640385
-4.9257275373477505 -6.579861627529103
-4.162614113604937 -4.744954969548269
-4.960882738105452 -4.560245215249967
-4.660026216799898 -2.2417558534485424
-7.050081723841538 -3.941572885424971
-5.157246080170759 -6.389785515782722
-4.138168067392589 -6.550363327332323
-4.214165528731747 -4.531860933712807
-4.868898650282742 -3.6690940139764257
-4.983647519886544 -4.715318360232925
-5.6831463380088 -6.439273629635689
-3.8502876026339394 -4.282738638371539
-4.368299604405982 -5.782126134707488
-6.155141289086518 -5.346572672946728
-5.611998989884084 -5.734550526531583
-5.27029570091046 -5.7353473512079685
-5.8557954770621405 -6.354995174144005
-4.622485932158509 -4.4556428211012715
-4.7556207063932625 -5.182718495069363
-4.947064769887168 -5.226724883087261
-5.2778896168805876 -5.742761163076784
-4.884179758998254 -5.929895664232182
-3.8854391982089655 -5.359304348808832
-3.9956980577499257 -4.2864050732213395
-4.070686272129847 -4.523233471310369
-4.930233804202226 -3.627403469878939
-5.187434125278496 -4.239991871898408
-4.79420369897213 -5.151551294738284
-5.826906514132967 -4.944058652827254
-5.504514037015116 -6.696312058036048
-3.234368546599309 -6.359240491266329
-5.368372536378487 -4.581576173438851
-5.622593965458477 -5.093760079065186
-3.332555440140372 -6.397570975459777
-5.119191627757132 -3.564284725684816
-5.5089033842349355 -3.5074195355562203
-5.227020691670177 -5.612466729636353
-4.154340592542246 -5.749525310653004
-7.329988893852713 -4.97449816870129
-5.435162100389314 -6.1190708119904045
-5.364267238534364 -5.428406321374314
-2.948931581291086 -5.402820933233454
-5.104085639981197 -3.522552329201095
-5.974171069147604 -4.9413668549432765
10.482901235900464 -5.788595568135987
7.694414411933428 -4.551480405857826
9.424806394766097 -4.539820201795775
11.90047332710174 -4.070742006367043
9.313238294899936 -4.522521727341222
9.866071053324212 -6.000064177106836
11.791505509362867 -6.300852017003478
9.123366124616608 -5.011865521385438
11.924401570555975 -6.2766641329810176
10.44904792785721 -4.995919231179078
10.55871038341581 -3.98805613039768
9.72956529281236 -6.174429868696407
9.465128150723082 -4.805385687337386
10.45848432760387 -3.2511207005150036
11.616542722875934 -6.747268640453495
10.47965264522745 -4.174186877493906
10.066484007154548 -4.607849561880833
10.499041056472308 -4.7421908765592535
10.171321156602819 -5.95943990685765
11.562031109855091 -4.995647469646547
9.595989107791121 -3.079773105327886
9.08445358965538 -5.414904889439775
9.395427511011752 -5.362175994560294
10.776565485581145 -5.757593163380774
8.425796227284238 -4.153982178199924
10.369454852559993 -5.146345937409415
10.034200999225517 -4.529555864116862
9.439079723667124 -3.708929099911879
10.211504173794676 -5.7267917514590145
12.332865477423994 -4.658662638522658
9.758637049819326 -4.5833031325717695
9.727079888638407 -5.5313401871495955
10.386945692295729 -3.277731645253322
8.963200809162824 -6.077678021549634
9.671550511033807 -5.172575064294245
10.09824660221082 -5.505910413139881
9.317323096024545 -2.9256637635310647
10.446149115064028 -4.619552594661701
11.623688947638795 -3.0444568594601558
10.586668464509685 -5.134705472539879
10.322962526011661 -6.157798905993195
10.805520625274868 -5.038997852003873
9.485199389842261 -5.087913824952942
9.227358280607449 -5.233575298665235
10.214488012938848 -5.037145088020301
8.897066987316018 -5.313366320518335
10.651603199435158 -4.336200589285873
10.985078099198157 -4.664649882008603
9.256422675676822 -3.5578480076352053
10.675260485422227 -4.4022781028224625
8.31550252507906 -4.839085589093433
10.168434532986256 -5.7010211712841325
10.909763608605749 -3.426581342421767
10.483400192740765 -5.661588359669901
10.225349764298949 -3.6685816343359567
9.749754131277871 -4.183811957979812
8.914769415373932 -3.2683667139363486
11.243354356874317 -4.195651414040924
10.219739193866584 -5.606781898494112
9.562984251961197 -4.693005025295881
11.607556899043557 -5.935115460641296
9.826427931451272 -5.711722428161911
9.843487625183329 -6.2339279962129375
11.471582096499443 -3.925176361497773
10.770043670485444 -4.827888358991685
10.656138063536977 -3.26431981982131
10.317115121715135 -3.536175598240641
10.24806122292913 -6.089600961070764
9.230270004892326 -3.9530564715960885
11.15881554032879 -5.986608660254432
9.089895860080507 -6.115590831929067
9.877951859324185 -4.528475661822738
9.77192662034362 -4.192436796729266
9.392253966814133 -4.379869249052901
7.382830664313007 -5.084919942503546
10.677570436245375 -5.7191999049557865
10.047003992620937 -4.0530856874333665
11.043266306630109 -5.0009910983684644
7.944895313155902 -3.7350946706861743
8.889053410474904 -3.2976698059707834
11.298900008706301 -4.9061504557020665
10.227806115927006 -3.715879040170308
10.142900247545246 -4.2324927304131785
10.588824416041604 -6.390874823707777
10.064481972391476 -5.96156900778125
11.381439737274286 -4.646279262267778
9.152574994447228 -4.108877878052828
9.48564192945066 -4.901592275319987
11.222414540300639 -5.33184291124966
9.571806857103416 -4.83067022741698
8.561519574640101 -4.248303005073138
10.568076598362042 -8.477797008331157
11.91468674955557 -6.3527113008264715
10.324107242641814 -4.794060115140906
10.082313296838173 -5.757598488976738
12.111319975385863 -5.691796361624781
9.90211687748374 -7.2511540886388515
9.934827391942868 -3.568892965828897
11.318381860657452 -4.933936599075201
10.973432229620878 -5.079656942848985
0.3581825440767137 3.5607241126339977
1.3908016762385125 3.744048666495977
-0.7713277909977366 5.59756312726031
0.32536392195166297 4.820936205083473
0.38984623252505596 5.251225898763627
0.9252633374141156 2.9069328684938323
0.2990079486383199 4.9217346225689
-0.690881889475124 5.138357301981838
0.34699161996338745 5.345858060878243
-0.542248947050609 5.906751605421929
-0.4395821894247762 4.4755498621662575
1.7057553163139372 5.491860123811651
-1.0004307061532405 6.1970185535786815
-0.3466757569191758 4.914811713541026
-0.8835429141522573 5.016556615784599
1.5459362722906391 4.653971580014996
-1.1312913721948428 4.0536692373690695
-0.11338811417115584 4.459866563853972
-0.19516435683923647 4.486438929810366
-1.1882306313404478 4.298907270042089
-1.3751184987115745 6.912298150159641
-0.15267033691227314 3.540704175608296
-1.6865374065549756 6.5253394884089175
-0.6870481460193203 5.709999924558529
0.7801109673425728 3.6338205367050667
0.1504574649755822 4.41165589745428
-0.14445873047818122 3.9540869706657222
-0.05350035593402087 3.9474248118739057
-0.29639486796421316 5.333350240176132
1.1989215368167634 4.273724804340934
-0.8363776471252562 4.978287587160842
2.1865656966124645 6.2803435677831745
-0.8784963116322746 4.777129861940019
0.2477703756955601 4.447457563394895
0.5018123331199362 6.108228118354092
0.7933508793943587 4.143747463577195
0.7255991358371097 6.463693692662861
-1.2299083798688877 6.137018114651637
-0.04656166734955785 4.846597541216839
0.5693735258989187 4.9776593077602325
-1.0726701329204649 5.254002259944092
1.9757553873227154 6.231367563904412
-0.31816480191088425 4.246340105568949
0.49321446732379803 5.008327043521078
-0.04902922805700497 4.947457694534716
-0.7722104169105872 5.5003560745487
-0.766006875136994 5.400420798539763
0.7826847360494968 4.8654591008522665
-0.5557980867128813 4.070175478564599
0.173290572748337 3.879109574233328
0.613483334094685 5.5544326739564855
0.15249114094794453 4.54884902822817
0.13218855161243334 6.433815044937594
-1.7857562596965508 5.325436592640456
0.5816996765550685 4.995549661802563
-0.9364841965057306 5.960523963989225
0.775429882045142 4.75924263430276
-0.17894072562428107 5.960711581601922
-0.8075558089852498 5.534860121273997
-0.4942643907655713 5.4923375106889365
-1.4644291913099836 3.808693442096831
0.5830259489331976 6.120668110438045
0.8368529182712275 4.474984440690294
-2.034989998977598 5.929101391657017
-1.8479533276796716 4.966428973408294
0.20820611977558612 5.042751304856293
1.0530193872574376 5.291974911130834
1.3286590592420207 6.269620422402705
-0.30403019116813823 4.928107805106738
-0.8227006775018836 3.495804724598896
-1.3305128761089184 5.963350558770504
1.6626006525588501 5.881790551112961
-0.6122716745076214 4.690175362589272
-0.3490654338821511 5.041022609031314
0.8059948884097672 5.867314477848664
0.35386922185470865 6.831727191748799
-0.25804324019492075 3.0358888271811977
-0.6372849210897996 4.167785699690863
0.9528791487020664 5.032966405387285
1.4908644011336782 6.340236831768961
-0.477421977569562 5.716110476251709
0.7700474787285546 4.797337601354546
-0.08418804677494746 4.818571536917843
0.18744089611357959 3.8395020118108993
0.9351830930035817 4.067866362235211
0.9920847259408168 6.693237562358246
2.1455671699809584 5.825650412064529
-0.8870549865638355 6.059174806586843
-0.4473236525264744 5.245616785373324
-0.08528517844082663 3.57780635068157
0.5081289173570563 5.74799052251675
-1.0780209522838011 3.9086156715913383
-0.21254744805042947 5.049746207102866
0.6554461407586724 5.786805692176731
-0.5904497389862421 4.852022509421797
0.48186249333025105 4.4328337158634845
-1.2233496737794523 5.85245237651666
1.0578920376129084 4.092354126559009
1.2708005476218207 5.645766900768161
-0.7720356282969327 4.358702078066244
